119761	0.0	1.0	0.0	0.0	0.0	0.0	0.0
284023	0.0	1.0	0.0	0.0	0.0	0.0	0.0
358887	0.0	1.0	0.0	0.0	0.0	0.0	0.0
79809	0.0	1.0	0.0	0.0	0.0	0.0	0.0
85688	0.0	1.0	0.0	0.0	0.0	0.0	0.0
6539	0.0	1.0	0.0	0.0	0.0	0.0	0.0
644334	0.0	0.0	0.0	0.0	1.0	0.0	0.0
644441	0.0	0.0	0.0	0.0	1.0	0.0	0.0
1128846	0.0	1.0	0.0	0.0	0.0	0.0	0.0
19621	0.0	1.0	0.0	0.0	0.0	0.0	0.0
12165	0.0	1.0	0.0	0.0	0.0	0.0	0.0
1107567	0.0	1.0	0.0	0.0	0.0	0.0	0.0
235683	0.0	1.0	0.0	0.0	0.0	0.0	0.0
235670	0.0	1.0	0.0	0.0	0.0	0.0	0.0
1272	0.0	1.0	0.0	0.0	0.0	0.0	0.0
444240	0.0	1.0	0.0	0.0	0.0	0.0	0.0
20601	0.0	1.0	0.0	0.0	0.0	0.0	0.0
20602	0.0	1.0	0.0	0.0	0.0	0.0	0.0
284025	0.0	1.0	0.0	0.0	0.0	0.0	0.0
593210	0.0	1.0	0.0	0.0	0.0	0.0	0.0
459216	0.0	1.0	0.0	0.0	0.0	0.0	0.0
227178	0.0	1.0	0.0	0.0	0.0	0.0	0.0
1128946	0.0	1.0	0.0	0.0	0.0	0.0	0.0
2695	0.0	0.0	0.0	0.0	1.0	0.0	0.0
1120197	0.0	0.0	0.0	0.0	1.0	0.0	0.0
35	0.0	1.0	0.0	0.0	0.0	0.0	0.0
66805	0.0	1.0	0.0	0.0	0.0	0.0	0.0
200480	0.0	1.0	0.0	0.0	0.0	0.0	0.0
6334	0.0	1.0	0.0	0.0	0.0	0.0	0.0
1119987	0.0	1.0	0.0	0.0	0.0	0.0	0.0
17798	0.0	1.0	0.0	0.0	0.0	0.0	0.0
22229	0.0	1.0	0.0	0.0	0.0	0.0	0.0
22241	0.0	1.0	0.0	0.0	0.0	0.0	0.0
591016	0.0	1.0	0.0	0.0	0.0	0.0	0.0
2440	0.0	1.0	0.0	0.0	0.0	0.0	0.0
1997	0.0	1.0	0.0	0.0	0.0	0.0	0.0
129897	0.0	1.0	0.0	0.0	0.0	0.0	0.0
230879	0.0	0.0	1.0	0.0	0.0	0.0	0.0
1133428	0.0	0.0	1.0	0.0	0.0	0.0	0.0
197054	0.0	1.0	0.0	0.0	0.0	0.0	0.0
32872	0.0	1.0	0.0	0.0	0.0	0.0	0.0
1118245	0.0	1.0	0.0	0.0	0.0	0.0	0.0
594900	0.0	1.0	0.0	0.0	0.0	0.0	0.0
175909	0.0	1.0	0.0	0.0	0.0	0.0	0.0
221302	0.0	1.0	0.0	0.0	0.0	0.0	0.0
1114153	0.0	1.0	0.0	0.0	0.0	0.0	0.0
144212	0.0	1.0	0.0	0.0	0.0	0.0	0.0
190706	0.0	1.0	0.0	0.0	0.0	0.0	0.0
3101	0.0	1.0	0.0	0.0	0.0	0.0	0.0
110163	0.0	1.0	0.0	0.0	0.0	0.0	0.0
6220	0.0	1.0	0.0	0.0	0.0	0.0	0.0
6224	0.0	1.0	0.0	0.0	0.0	0.0	0.0
110164	0.0	1.0	0.0	0.0	0.0	0.0	0.0
1117348	0.0	1.0	0.0	0.0	0.0	0.0	0.0
202639	0.0	1.0	0.0	0.0	0.0	0.0	0.0
6214	0.0	1.0	0.0	0.0	0.0	0.0	0.0
345340	0.0	1.0	0.0	0.0	0.0	0.0	0.0
28485	0.0	1.0	0.0	0.0	0.0	0.0	0.0
23258	0.0	1.0	0.0	0.0	0.0	0.0	0.0
1119505	0.0	1.0	0.0	0.0	0.0	0.0	0.0
375605	0.0	1.0	0.0	0.0	0.0	0.0	0.0
503883	0.0	1.0	0.0	0.0	0.0	0.0	0.0
114	0.0	1.0	0.0	0.0	0.0	0.0	0.0
1111052	0.0	1.0	0.0	0.0	0.0	0.0	0.0
198443	0.0	1.0	0.0	0.0	0.0	0.0	0.0
13658	0.0	1.0	0.0	0.0	0.0	0.0	0.0
1135082	0.0	1.0	0.0	0.0	0.0	0.0	0.0
7047	0.0	1.0	0.0	0.0	0.0	0.0	0.0
591017	0.0	1.0	0.0	0.0	0.0	0.0	0.0
6639	0.0	1.0	0.0	0.0	0.0	0.0	0.0
1153896	0.0	1.0	0.0	0.0	0.0	0.0	0.0
594011	0.0	1.0	0.0	0.0	0.0	0.0	0.0
1152143	0.0	1.0	0.0	0.0	0.0	0.0	0.0
13213	0.0	1.0	0.0	0.0	0.0	0.0	0.0
85352	0.0	1.0	0.0	0.0	0.0	0.0	0.0
152483	0.0	1.0	0.0	0.0	0.0	0.0	0.0
447250	0.0	1.0	0.0	0.0	0.0	0.0	0.0
100197	0.0	1.0	0.0	0.0	0.0	0.0	0.0
101261	0.0	1.0	0.0	0.0	0.0	0.0	0.0
101263	0.0	1.0	0.0	0.0	0.0	0.0	0.0
1105450	0.0	1.0	0.0	0.0	0.0	0.0	0.0
45189	0.0	1.0	0.0	0.0	0.0	0.0	0.0
13982	0.0	1.0	0.0	0.0	0.0	0.0	0.0
34979	0.0	1.0	0.0	0.0	0.0	0.0	0.0
83847	0.0	1.0	0.0	0.0	0.0	0.0	0.0
1106287	0.0	1.0	0.0	0.0	0.0	0.0	0.0
6213	0.0	1.0	0.0	0.0	0.0	0.0	0.0
39165	0.0	1.0	0.0	0.0	0.0	0.0	0.0
31479	0.0	1.0	0.0	0.0	0.0	0.0	0.0
34257	0.0	1.0	0.0	0.0	0.0	0.0	0.0
1116974	0.0	1.0	0.0	0.0	0.0	0.0	0.0
106590	0.0	1.0	0.0	0.0	0.0	0.0	0.0
77438	0.0	1.0	0.0	0.0	0.0	0.0	0.0
6215	0.0	1.0	0.0	0.0	0.0	0.0	0.0
128	0.0	1.0	0.0	0.0	0.0	0.0	0.0
20526	0.0	1.0	0.0	0.0	0.0	0.0	0.0
66563	0.0	1.0	0.0	0.0	0.0	0.0	0.0
66564	0.0	1.0	0.0	0.0	0.0	0.0	0.0
1107095	0.0	1.0	0.0	0.0	0.0	0.0	0.0
12199	0.0	1.0	0.0	0.0	0.0	0.0	0.0
1119751	0.0	1.0	0.0	0.0	0.0	0.0	0.0
107177	0.0	1.0	0.0	0.0	0.0	0.0	0.0
1106103	0.0	1.0	0.0	0.0	0.0	0.0	0.0
6346	0.0	1.0	0.0	0.0	0.0	0.0	0.0
135766	0.0	1.0	0.0	0.0	0.0	0.0	0.0
6917	0.0	1.0	0.0	0.0	0.0	0.0	0.0
155158	0.0	1.0	0.0	0.0	0.0	0.0	0.0
397590	0.0	1.0	0.0	0.0	0.0	0.0	0.0
3229	0.0	1.0	0.0	0.0	0.0	0.0	0.0
949511	0.0	1.0	0.0	0.0	0.0	0.0	0.0
910	0.0	1.0	0.0	0.0	0.0	0.0	0.0
1129111	0.0	1.0	0.0	0.0	0.0	0.0	0.0
25702	0.0	1.0	0.0	0.0	0.0	0.0	0.0
1108834	0.0	1.0	0.0	0.0	0.0	0.0	0.0
1120169	0.0	1.0	0.0	0.0	0.0	0.0	0.0
46491	0.0	1.0	0.0	0.0	0.0	0.0	0.0
906	0.0	1.0	0.0	0.0	0.0	0.0	0.0
1136397	0.0	1.0	0.0	0.0	0.0	0.0	0.0
62676	0.0	1.0	0.0	0.0	0.0	0.0	0.0
312409	0.0	1.0	0.0	0.0	0.0	0.0	0.0
10796	0.0	1.0	0.0	0.0	0.0	0.0	0.0
30895	0.0	1.0	0.0	0.0	0.0	0.0	0.0
31483	0.0	1.0	0.0	0.0	0.0	0.0	0.0
39126	0.0	1.0	0.0	0.0	0.0	0.0	0.0
709518	6.05507E-6	0.9999728	3.7103368E-7	6.05507E-6	2.5203956E-6	6.05507E-6	6.05507E-6
1134056	6.05507E-6	0.9999728	3.7103368E-7	6.05507E-6	2.5203956E-6	6.05507E-6	6.05507E-6
130	0.0	1.0	0.0	0.0	0.0	0.0	0.0
107569	0.0	1.0	0.0	0.0	0.0	0.0	0.0
1107385	0.0	1.0	0.0	0.0	0.0	0.0	0.0
6344	0.0	1.0	0.0	0.0	0.0	0.0	0.0
235679	0.0	1.0	0.0	0.0	0.0	0.0	0.0
1133010	0.0	1.0	0.0	0.0	0.0	0.0	0.0
688849	0.0	1.0	0.0	0.0	0.0	0.0	0.0
6343	0.0	1.0	0.0	0.0	0.0	0.0	0.0
1103383	0.0	1.0	0.0	0.0	0.0	0.0	0.0
7276	0.0	1.0	0.0	0.0	0.0	0.0	0.0
7297	0.0	1.0	0.0	0.0	0.0	0.0	0.0
35922	0.0	1.0	0.0	0.0	0.0	0.0	0.0
28957	0.0	1.0	0.0	0.0	0.0	0.0	0.0
235678	0.0	1.0	0.0	0.0	0.0	0.0	0.0
3191	0.0	1.0	0.0	0.0	0.0	0.0	0.0
3192	0.0	1.0	0.0	0.0	0.0	0.0	0.0
1050679	0.0	1.0	0.0	0.0	0.0	0.0	0.0
73323	0.0	1.0	0.0	0.0	0.0	0.0	0.0
28447	0.0	1.0	0.0	0.0	0.0	0.0	0.0
1110256	0.0	1.0	0.0	0.0	0.0	0.0	0.0
33325	0.0	1.0	0.0	0.0	0.0	0.0	0.0
241133	0.0	1.0	0.0	0.0	0.0	0.0	0.0
1112075	0.0	1.0	0.0	0.0	0.0	0.0	0.0
8581	0.0	0.0	1.0	0.0	0.0	0.0	0.0
2665	0.0	0.0	1.0	0.0	0.0	0.0	0.0
28641	0.0	1.0	0.0	0.0	0.0	0.0	0.0
2653	0.0	1.0	0.0	0.0	0.0	0.0	0.0
341188	0.0	1.0	0.0	0.0	0.0	0.0	0.0
1117942	0.0	1.0	0.0	0.0	0.0	0.0	0.0
289085	0.0	1.0	0.0	0.0	0.0	0.0	0.0
105856	0.0	1.0	0.0	0.0	0.0	0.0	0.0
136766	0.0	1.0	0.0	0.0	0.0	0.0	0.0
136767	0.0	1.0	0.0	0.0	0.0	0.0	0.0
1959	0.0	1.0	0.0	0.0	0.0	0.0	0.0
1152896	0.0	1.0	0.0	0.0	0.0	0.0	0.0
8224	0.0	1.0	0.0	0.0	0.0	0.0	0.0
97377	0.0	1.0	0.0	0.0	0.0	0.0	0.0
46500	0.0	1.0	0.0	0.0	0.0	0.0	0.0
57764	0.0	1.0	0.0	0.0	0.0	0.0	0.0
136768	0.0	1.0	0.0	0.0	0.0	0.0	0.0
753047	0.0	1.0	0.0	0.0	0.0	0.0	0.0
753265	0.0	1.0	0.0	0.0	0.0	0.0	0.0
39127	0.0	1.0	0.0	0.0	0.0	0.0	0.0
592830	0.0	1.0	0.0	0.0	0.0	0.0	0.0
45603	0.0	1.0	0.0	0.0	0.0	0.0	0.0
1104647	0.0	1.0	0.0	0.0	0.0	0.0	0.0
46536	0.0	1.0	0.0	0.0	0.0	0.0	0.0
429805	0.0	1.0	0.0	0.0	0.0	0.0	0.0
3220	0.0	1.0	0.0	0.0	0.0	0.0	0.0
1129778	0.0	1.0	0.0	0.0	0.0	0.0	0.0
575402	0.0	1.0	0.0	0.0	0.0	0.0	0.0
1129018	0.0	1.0	0.0	0.0	0.0	0.0	0.0
94641	0.0	1.0	0.0	0.0	0.0	0.0	0.0
1125092	0.0	1.0	0.0	0.0	0.0	0.0	0.0
17208	0.0	1.0	0.0	0.0	0.0	0.0	0.0
95435	0.0	1.0	0.0	0.0	0.0	0.0	0.0
1154230	0.0	1.0	0.0	0.0	0.0	0.0	0.0
714289	0.0	1.0	0.0	0.0	0.0	0.0	0.0
28254	0.0	1.0	0.0	0.0	0.0	0.0	0.0
105899	0.0	1.0	0.0	0.0	0.0	0.0	0.0
289779	0.0	1.0	0.0	0.0	0.0	0.0	0.0
801170	0.0	1.0	0.0	0.0	0.0	0.0	0.0
62347	0.0	1.0	0.0	0.0	0.0	0.0	0.0
101145	0.0	1.0	0.0	0.0	0.0	0.0	0.0
101143	0.0	1.0	0.0	0.0	0.0	0.0	0.0
16008	0.0	1.0	0.0	0.0	0.0	0.0	0.0
189577	0.0	1.0	0.0	0.0	0.0	0.0	0.0
608326	0.0	1.0	0.0	0.0	0.0	0.0	0.0
1107558	0.0	1.0	0.0	0.0	0.0	0.0	0.0
62417	0.0	1.0	0.0	0.0	0.0	0.0	0.0
399370	0.0	1.0	0.0	0.0	0.0	0.0	0.0
60169	0.0	1.0	0.0	0.0	0.0	0.0	0.0
10183	0.0	1.0	0.0	0.0	0.0	0.0	0.0
1120713	0.0	1.0	0.0	0.0	0.0	0.0	0.0
353541	0.0	1.0	0.0	0.0	0.0	0.0	0.0
688361	0.0	1.0	0.0	0.0	0.0	0.0	0.0
33907	0.0	1.0	0.0	0.0	0.0	0.0	0.0
14062	0.0	1.0	0.0	0.0	0.0	0.0	0.0
592826	0.0	1.0	0.0	0.0	0.0	0.0	0.0
1688	0.0	1.0	0.0	0.0	0.0	0.0	0.0
1133338	0.0	1.0	0.0	0.0	0.0	0.0	0.0
168410	0.0	1.0	0.0	0.0	0.0	0.0	0.0
6209	0.0	1.0	0.0	0.0	0.0	0.0	0.0
184918	0.0	1.0	0.0	0.0	0.0	0.0	0.0
1131172	0.0	0.0	0.0	0.0	1.0	0.0	0.0
642798	0.0	0.0	0.0	0.0	1.0	0.0	0.0
8874	0.0	1.0	0.0	0.0	0.0	0.0	0.0
608292	0.0	1.0	0.0	0.0	0.0	0.0	0.0
12158	0.0	1.0	0.0	0.0	0.0	0.0	0.0
12337	0.0	1.0	0.0	0.0	0.0	0.0	0.0
4584	0.0	1.0	0.0	0.0	0.0	0.0	0.0
1116347	0.0	1.0	0.0	0.0	0.0	0.0	0.0
566653	0.0	1.0	0.0	0.0	0.0	0.0	0.0
3085	0.0	1.0	0.0	0.0	0.0	0.0	0.0
17201	0.0	1.0	0.0	0.0	0.0	0.0	0.0
208345	0.0	1.0	0.0	0.0	0.0	0.0	0.0
10435	0.0	1.0	0.0	0.0	0.0	0.0	0.0
1112099	0.0	1.0	0.0	0.0	0.0	0.0	0.0
643777	0.0	1.0	0.0	0.0	0.0	0.0	0.0
643734	0.0	1.0	0.0	0.0	0.0	0.0	0.0
12155	0.0	1.0	0.0	0.0	0.0	0.0	0.0
649730	0.0	1.0	0.0	0.0	0.0	0.0	0.0
123825	0.0	1.0	0.0	0.0	0.0	0.0	0.0
60159	0.0	1.0	0.0	0.0	0.0	0.0	0.0
1132083	0.0	1.0	0.0	0.0	0.0	0.0	0.0
169280	0.0	1.0	0.0	0.0	0.0	0.0	0.0
949217	0.0	1.0	0.0	0.0	0.0	0.0	0.0
714208	0.0	1.0	0.0	0.0	0.0	0.0	0.0
189774	0.0	1.0	0.0	0.0	0.0	0.0	0.0
656231	0.0	1.0	0.0	0.0	0.0	0.0	0.0
170798	0.0	1.0	0.0	0.0	0.0	0.0	0.0
27199	0.0	1.0	0.0	0.0	0.0	0.0	0.0
12194	0.0	1.0	0.0	0.0	0.0	0.0	0.0
3232	0.0	1.0	0.0	0.0	0.0	0.0	0.0
1128536	0.0	1.0	0.0	0.0	0.0	0.0	0.0
273949	0.0	1.0	0.0	0.0	0.0	0.0	0.0
16471	0.0	1.0	0.0	0.0	0.0	0.0	0.0
1154232	0.0	1.0	0.0	0.0	0.0	0.0	0.0
1123188	0.0	1.0	0.0	0.0	0.0	0.0	0.0
662416	0.0	1.0	0.0	0.0	0.0	0.0	0.0
8875	0.0	1.0	0.0	0.0	0.0	0.0	0.0
52515	0.0	1.0	0.0	0.0	0.0	0.0	0.0
39199	0.0	1.0	0.0	0.0	0.0	0.0	0.0
1132706	0.0	1.0	0.0	0.0	0.0	0.0	0.0
24966	0.0	1.0	0.0	0.0	0.0	0.0	0.0
95719	0.0	1.0	0.0	0.0	0.0	0.0	0.0
578646	0.0	1.0	0.0	0.0	0.0	0.0	0.0
1128319	0.0	1.0	0.0	0.0	0.0	0.0	0.0
197452	0.0	1.0	0.0	0.0	0.0	0.0	0.0
684372	0.0	1.0	0.0	0.0	0.0	0.0	0.0
395725	0.0	1.0	0.0	0.0	0.0	0.0	0.0
1153933	0.0	1.0	0.0	0.0	0.0	0.0	0.0
1132887	0.0	1.0	0.0	0.0	0.0	0.0	0.0
33231	0.0	1.0	0.0	0.0	0.0	0.0	0.0
169279	0.0	1.0	0.0	0.0	0.0	0.0	0.0
151430	0.0	1.0	0.0	0.0	0.0	0.0	0.0
1115670	0.0	1.0	0.0	0.0	0.0	0.0	0.0
6771	0.0	1.0	0.0	0.0	0.0	0.0	0.0
24974	0.0	1.0	0.0	0.0	0.0	0.0	0.0
217852	0.0	1.0	0.0	0.0	0.0	0.0	0.0
23507	0.0	1.0	0.0	0.0	0.0	0.0	0.0
1134865	0.0	1.0	0.0	0.0	0.0	0.0	0.0
100935	0.0	1.0	0.0	0.0	0.0	0.0	0.0
5869	0.0	0.6666667	0.0	0.0	0.33333334	0.0	0.0
2696	0.0	0.0	0.0	0.0	1.0	0.0	0.0
1123239	0.0	0.0	0.0	0.0	1.0	0.0	0.0
178727	0.0	1.0	0.0	0.0	0.0	0.0	0.0
86359	0.0	1.0	0.0	0.0	0.0	0.0	0.0
18834	0.0	1.0	0.0	0.0	0.0	0.0	0.0
16461	0.0	1.0	0.0	0.0	0.0	0.0	0.0
436796	0.0	1.0	0.0	0.0	0.0	0.0	0.0
3231	0.0	1.0	0.0	0.0	0.0	0.0	0.0
95642	0.0	1.0	0.0	0.0	0.0	0.0	0.0
68463	0.0	1.0	0.0	0.0	0.0	0.0	0.0
20193	0.0	1.0	0.0	0.0	0.0	0.0	0.0
1116839	0.0	1.0	0.0	0.0	0.0	0.0	0.0
35905	0.0	1.0	0.0	0.0	0.0	0.0	0.0
1152162	0.0	1.0	0.0	0.0	0.0	0.0	0.0
1107418	0.0	1.0	0.0	0.0	0.0	0.0	0.0
108047	0.0	1.0	0.0	0.0	0.0	0.0	0.0
1119654	0.0	1.0	0.0	0.0	0.0	0.0	0.0
376704	0.0	1.0	0.0	0.0	0.0	0.0	0.0
887	0.0	1.0	0.0	0.0	0.0	0.0	0.0
35490	0.0	1.0	0.0	0.0	0.0	0.0	0.0
342802	0.0	0.0	0.0	0.0	1.0	0.0	0.0
1102646	0.0	1.0	0.0	0.0	0.0	0.0	0.0
2654	0.0	1.0	0.0	0.0	0.0	0.0	0.0
1121867	0.0	1.0	0.0	0.0	0.0	0.0	0.0
1153097	0.0	1.0	0.0	0.0	0.0	0.0	0.0
409255	0.0	1.0	0.0	0.0	0.0	0.0	0.0
31489	0.0	1.0	0.0	0.0	0.0	0.0	0.0
227286	0.0	1.0	0.0	0.0	0.0	0.0	0.0
126128	0.0	1.0	0.0	0.0	0.0	0.0	0.0
194609	0.0	1.0	0.0	0.0	0.0	0.0	0.0
1154042	0.0	1.0	0.0	0.0	0.0	0.0	0.0
13917	0.0	1.0	0.0	0.0	0.0	0.0	0.0
1106764	0.0	1.0	0.0	0.0	0.0	0.0	0.0
61417	0.0	1.0	0.0	0.0	0.0	0.0	0.0
22875	0.0	1.0	0.0	0.0	0.0	0.0	0.0
1110947	0.0	1.0	0.0	0.0	0.0	0.0	0.0
20821	0.0	1.0	0.0	0.0	0.0	0.0	0.0
1127851	0.0	1.0	0.0	0.0	0.0	0.0	0.0
263553	0.0	1.0	0.0	0.0	0.0	0.0	0.0
1117219	0.0	1.0	0.0	0.0	0.0	0.0	0.0
35061	0.0	1.0	0.0	0.0	0.0	0.0	0.0
1113438	0.0	1.0	0.0	0.0	0.0	0.0	0.0
1153091	0.0	1.0	0.0	0.0	0.0	0.0	0.0
46452	0.0	1.0	0.0	0.0	0.0	0.0	0.0
1102550	0.0	1.0	0.0	0.0	0.0	0.0	0.0
78994	0.0	1.0	0.0	0.0	0.0	0.0	0.0
12631	0.0	1.0	0.0	0.0	0.0	0.0	0.0
1131223	0.0	1.0	0.0	0.0	0.0	0.0	0.0
153063	0.0	1.0	0.0	0.0	0.0	0.0	0.0
1153724	0.0	1.0	0.0	0.0	0.0	0.0	0.0
1953	0.0	1.0	0.0	0.0	0.0	0.0	0.0
36620	0.0	1.0	0.0	0.0	0.0	0.0	0.0
1128430	0.0	1.0	0.0	0.0	0.0	0.0	0.0
1112911	0.0	1.0	0.0	0.0	0.0	0.0	0.0
440815	0.0	1.0	0.0	0.0	0.0	0.0	0.0
5086	0.0	1.0	0.0	0.0	0.0	0.0	0.0
137790	0.0	1.0	0.0	0.0	0.0	0.0	0.0
10186	0.0	1.0	0.0	0.0	0.0	0.0	0.0
175548	0.0	1.0	0.0	0.0	0.0	0.0	0.0
1120049	0.0	1.0	0.0	0.0	0.0	0.0	0.0
1132486	0.0	0.0	1.0	0.0	0.0	0.0	0.0
57922	0.0	1.0	0.0	0.0	0.0	0.0	0.0
6925	0.0	1.0	0.0	0.0	0.0	0.0	0.0
314459	0.0	1.0	0.0	0.0	0.0	0.0	0.0
80515	0.0	1.0	0.0	0.0	0.0	0.0	0.0
56167	0.0	1.0	0.0	0.0	0.0	0.0	0.0
1152308	0.0	1.0	0.0	0.0	0.0	0.0	0.0
95718	0.0	1.0	0.0	0.0	0.0	0.0	0.0
4335	0.0	1.0	0.0	0.0	0.0	0.0	0.0
1104379	0.0	1.0	0.0	0.0	0.0	0.0	0.0
1131728	0.0	1.0	0.0	0.0	0.0	0.0	0.0
112378	0.0	1.0	0.0	0.0	0.0	0.0	0.0
137380	0.0	1.0	0.0	0.0	0.0	0.0	0.0
85449	0.0	1.0	0.0	0.0	0.0	0.0	0.0
577086	0.0	1.0	0.0	0.0	0.0	0.0	0.0
25772	0.0	1.0	0.0	0.0	0.0	0.0	0.0
1105932	0.0	1.0	0.0	0.0	0.0	0.0	0.0
111770	0.0	0.99998647	2.1747465E-10	0.0	1.3518157E-5	0.0	0.0
1119623	0.0	0.99998647	2.1747465E-10	0.0	1.3518157E-5	0.0	0.0
57119	0.0	1.0	0.0	0.0	0.0	0.0	0.0
592975	0.0	1.0	0.0	0.0	0.0	0.0	0.0
85299	0.0	1.0	0.0	0.0	0.0	0.0	0.0
65650	0.0	1.0	0.0	0.0	0.0	0.0	0.0
5038	0.0	1.0	0.0	0.0	0.0	0.0	0.0
62718	0.0	1.0	0.0	0.0	0.0	0.0	0.0
127033	0.0	1.0	0.0	0.0	0.0	0.0	0.0
948299	0.0	1.0	0.0	0.0	0.0	0.0	0.0
194617	0.0	1.0	0.0	0.0	0.0	0.0	0.0
10531	0.0	1.0	0.0	0.0	0.0	0.0	0.0
1154176	0.0	1.0	0.0	0.0	0.0	0.0	0.0
33895	0.0	1.0	0.0	0.0	0.0	0.0	0.0
182094	0.0	1.0	0.0	0.0	0.0	0.0	0.0
41714	0.0	1.0	0.0	0.0	0.0	0.0	0.0
195792	0.0	1.0	0.0	0.0	0.0	0.0	0.0
62329	0.0	1.0	0.0	0.0	0.0	0.0	0.0
3097	0.0	1.0	0.0	0.0	0.0	0.0	0.0
1952	0.0	1.0	0.0	0.0	0.0	0.0	0.0
3233	0.0	1.0	0.0	0.0	0.0	0.0	0.0
3236	0.0	1.0	0.0	0.0	0.0	0.0	0.0
1128453	0.0	1.0	0.0	0.0	0.0	0.0	0.0
12247	0.0	1.0	0.0	0.0	0.0	0.0	0.0
219239	0.0	1.0	0.0	0.0	0.0	0.0	0.0
39124	0.0	1.0	0.0	0.0	0.0	0.0	0.0
601561	0.0	1.0	0.0	0.0	0.0	0.0	0.0
1130539	0.0	1.0	0.0	0.0	0.0	0.0	0.0
9708	0.0	1.0	0.0	0.0	0.0	0.0	0.0
434	0.0	1.0	0.0	0.0	0.0	0.0	0.0
4649	0.0	1.0	0.0	0.0	0.0	0.0	0.0
120084	0.0	1.0	0.0	0.0	0.0	0.0	0.0
264556	0.0	1.0	0.0	0.0	0.0	0.0	0.0
1105394	0.0	1.0	0.0	0.0	0.0	0.0	0.0
64484	0.0	1.0	0.0	0.0	0.0	0.0	0.0
1130808	0.0	0.0	1.0	0.0	0.0	0.0	0.0
2658	0.0	0.0	1.0	0.0	0.0	0.0	0.0
159085	0.0	1.0	0.0	0.0	0.0	0.0	0.0
1152711	0.0	1.0	0.0	0.0	0.0	0.0	0.0
3218	0.0	1.0	0.0	0.0	0.0	0.0	0.0
1106492	0.0	1.0	0.0	0.0	0.0	0.0	0.0
1138968	0.0	1.0	0.0	0.0	0.0	0.0	0.0
575292	0.0	1.0	0.0	0.0	0.0	0.0	0.0
15429	0.0	1.0	0.0	0.0	0.0	0.0	0.0
89547	0.0	1.0	0.0	0.0	0.0	0.0	0.0
579008	0.0	1.0	0.0	0.0	0.0	0.0	0.0
575077	0.0	1.0	0.0	0.0	0.0	0.0	0.0
643239	0.0	0.0	0.0	0.0	1.0	0.0	0.0
1131312	0.0	0.0	0.0	0.0	1.0	0.0	0.0
256106	0.0	0.0	0.0	0.0	1.0	0.0	0.0
1107861	0.0	1.0	0.0	0.0	0.0	0.0	0.0
5966	0.0	1.0	0.0	0.0	0.0	0.0	0.0
246618	0.0	1.0	0.0	0.0	0.0	0.0	0.0
116545	0.0	1.0	0.0	0.0	0.0	0.0	0.0
561593	0.0	1.0	0.0	0.0	0.0	0.0	0.0
1130676	0.0	0.0	1.0	0.0	0.0	0.0	0.0
34266	0.0	1.0	0.0	0.0	0.0	0.0	0.0
90655	0.0	1.0	0.0	0.0	0.0	0.0	0.0
27530	0.0	1.0	0.0	0.0	0.0	0.0	0.0
1106630	0.0	1.0	0.0	0.0	0.0	0.0	0.0
35852	0.0	1.0	0.0	0.0	0.0	0.0	0.0
89416	0.0	1.0	0.0	0.0	0.0	0.0	0.0
1153024	0.0	1.0	0.0	0.0	0.0	0.0	0.0
6155	0.0	1.0	0.0	0.0	0.0	0.0	0.0
1126029	0.0	1.0	0.0	0.0	0.0	0.0	0.0
65653	0.0	1.0	0.0	0.0	0.0	0.0	0.0
853116	0.0	1.0	0.0	0.0	0.0	0.0	0.0
853115	0.0	1.0	0.0	0.0	0.0	0.0	0.0
7537	0.0	1.0	0.0	0.0	0.0	0.0	0.0
1113534	0.0	1.0	0.0	0.0	0.0	0.0	0.0
33818	0.0	1.0	0.0	0.0	0.0	0.0	0.0
78549	0.0	1.0	0.0	0.0	0.0	0.0	0.0
289781	0.0	1.0	0.0	0.0	0.0	0.0	0.0
87417	0.0	1.0	0.0	0.0	0.0	0.0	0.0
3095	0.0	1.0	0.0	0.0	0.0	0.0	0.0
1951	0.0	1.0	0.0	0.0	0.0	0.0	0.0
72056	0.0	1.0	0.0	0.0	0.0	0.0	0.0
1135122	0.0	1.0	0.0	0.0	0.0	0.0	0.0
289780	0.0	1.0	0.0	0.0	0.0	0.0	0.0
1131330	0.0	5.485796E-4	3.468692E-10	0.0	0.99945146	0.0	0.0
646412	0.0	5.485796E-4	3.468692E-10	0.0	0.99945146	0.0	0.0
192850	0.0	1.0	0.0	0.0	0.0	0.0	0.0
15987	0.0	1.0	0.0	0.0	0.0	0.0	0.0
1127530	0.0	1.0	0.0	0.0	0.0	0.0	0.0
1481	0.0	1.0	0.0	0.0	0.0	0.0	0.0
173884	0.0	1.0	0.0	0.0	0.0	0.0	0.0
92589	0.0	1.0	0.0	0.0	0.0	0.0	0.0
3237	0.0	1.0	0.0	0.0	0.0	0.0	0.0
48550	0.0	1.0	0.0	0.0	0.0	0.0	0.0
1107728	0.0	1.0	0.0	0.0	0.0	0.0	0.0
115188	0.0	1.0	0.0	0.0	0.0	0.0	0.0
628668	0.0	1.0	0.0	0.0	0.0	0.0	0.0
28249	0.0	1.0	0.0	0.0	0.0	0.0	0.0
263486	0.0	1.0	0.0	0.0	0.0	0.0	0.0
1956	0.0	1.0	0.0	0.0	0.0	0.0	0.0
628751	0.0	1.0	0.0	0.0	0.0	0.0	0.0
85324	0.0	1.0	0.0	0.0	0.0	0.0	0.0
1123068	0.0	1.0	0.0	0.0	0.0	0.0	0.0
167670	0.0	1.0	0.0	0.0	0.0	0.0	0.0
144679	0.0	1.0	0.0	0.0	0.0	0.0	0.0
58454	0.0	1.0	0.0	0.0	0.0	0.0	0.0
78552	0.0	1.0	0.0	0.0	0.0	0.0	0.0
1113852	0.0	1.0	0.0	0.0	0.0	0.0	0.0
2354	0.0	1.0	0.0	0.0	0.0	0.0	0.0
1129683	0.0	1.0	0.0	0.0	0.0	0.0	0.0
70970	0.0	1.0	0.0	0.0	0.0	0.0	0.0
78555	0.0	1.0	0.0	0.0	0.0	0.0	0.0
10981	0.0	1.0	0.0	0.0	0.0	0.0	0.0
1102873	0.0	1.0	0.0	0.0	0.0	0.0	0.0
82090	0.0	1.0	0.0	0.0	0.0	0.0	0.0
592986	0.0	1.0	0.0	0.0	0.0	0.0	0.0
78557	0.0	1.0	0.0	0.0	0.0	0.0	0.0
696343	0.0	0.0	1.0	0.0	0.0	0.0	0.0
390889	0.0	1.0	0.0	0.0	0.0	0.0	0.0
696342	0.0	0.0	1.0	0.0	0.0	0.0	0.0
66809	0.0	1.0	0.0	0.0	0.0	0.0	0.0
578669	0.0	1.0	0.0	0.0	0.0	0.0	0.0
1128943	0.0	1.0	0.0	0.0	0.0	0.0	0.0
1919	0.0	1.0	0.0	0.0	0.0	0.0	0.0
1109581	0.0	1.0	0.0	0.0	0.0	0.0	0.0
163235	0.0	1.0	0.0	0.0	0.0	0.0	0.0
1109873	0.0	1.0	0.0	0.0	0.0	0.0	0.0
1114125	0.0	1.0	0.0	0.0	0.0	0.0	0.0
142268	0.0	1.0	0.0	0.0	0.0	0.0	0.0
87915	0.0	1.0	0.0	0.0	0.0	0.0	0.0
25791	0.0	1.0	0.0	0.0	0.0	0.0	0.0
28202	0.0	1.0	0.0	0.0	0.0	0.0	0.0
57773	0.0	1.0	0.0	0.0	0.0	0.0	0.0
2698	0.0	0.0	0.0	0.0	1.0	0.0	0.0
8703	0.0	1.0	0.0	0.0	0.0	0.0	0.0
27535	0.0	1.0	0.0	0.0	0.0	0.0	0.0
95589	0.0	0.69850886	0.0	0.0	0.30149117	0.0	0.0
28504	0.0	0.69850886	0.0	0.0	0.30149117	0.0	0.0
1113459	0.0	1.0	0.0	0.0	0.0	0.0	0.0
28350	0.0	1.0	0.0	0.0	0.0	0.0	0.0
593155	0.0	1.0	0.0	0.0	0.0	0.0	0.0
1140289	0.0	1.0	0.0	0.0	0.0	0.0	0.0
1102442	0.0	1.0	0.0	0.0	0.0	0.0	0.0
1999	0.0	1.0	0.0	0.0	0.0	0.0	0.0
853114	0.0	1.0	0.0	0.0	0.0	0.0	0.0
853155	0.0	1.0	0.0	0.0	0.0	0.0	0.0
8865	0.0	1.0	0.0	0.0	0.0	0.0	0.0
785678	0.0	1.0	0.0	0.0	0.0	0.0	0.0
144408	0.0	1.0	0.0	0.0	0.0	0.0	0.0
57948	0.0	1.0	0.0	0.0	0.0	0.0	0.0
30901	0.0	1.0	0.0	0.0	0.0	0.0	0.0
368431	0.0	1.0	0.0	0.0	0.0	0.0	0.0
77515	0.0	1.0	0.0	0.0	0.0	0.0	0.0
54844	0.0	1.0	0.0	0.0	0.0	0.0	0.0
642681	0.0	0.0	0.0	0.0	1.0	0.0	0.0
1131345	0.0	1.0	0.0	0.0	0.0	0.0	0.0
141160	0.0	1.0	0.0	0.0	0.0	0.0	0.0
263279	0.0	1.0	0.0	0.0	0.0	0.0	0.0
7272	0.0	1.0	0.0	0.0	0.0	0.0	0.0
486840	0.0	1.0	0.0	0.0	0.0	0.0	0.0
1120786	0.0	1.0	0.0	0.0	0.0	0.0	0.0
151708	0.0	1.0	0.0	0.0	0.0	0.0	0.0
1152277	0.0	1.0	0.0	0.0	0.0	0.0	0.0
141347	0.0	1.0	0.0	0.0	0.0	0.0	0.0
1107312	0.0	1.0	0.0	0.0	0.0	0.0	0.0
28387	0.0	1.0	0.0	0.0	0.0	0.0	0.0
230884	0.0	0.0	1.0	0.0	0.0	0.0	0.0
1127913	0.0	1.0	0.0	0.0	0.0	0.0	0.0
936	0.0	1.0	0.0	0.0	0.0	0.0	0.0
129558	0.0	1.0	0.0	0.0	0.0	0.0	0.0
348437	0.0	1.0	0.0	0.0	0.0	0.0	0.0
40125	0.0	1.0	0.0	0.0	0.0	0.0	0.0
1104258	0.0	1.0	0.0	0.0	0.0	0.0	0.0
578780	0.0	1.0	0.0	0.0	0.0	0.0	0.0
33904	0.0	1.0	0.0	0.0	0.0	0.0	0.0
134128	0.0	1.0	0.0	0.0	0.0	0.0	0.0
12350	0.0	1.0	0.0	0.0	0.0	0.0	0.0
6125	0.0	1.0	0.0	0.0	0.0	0.0	0.0
1123530	0.0	1.0	0.0	0.0	0.0	0.0	0.0
156977	0.0	1.0	0.0	0.0	0.0	0.0	0.0
22431	0.0	1.0	0.0	0.0	0.0	0.0	0.0
49844	0.0	1.0	0.0	0.0	0.0	0.0	0.0
49843	0.0	1.0	0.0	0.0	0.0	0.0	0.0
574462	0.0	1.0	0.0	0.0	0.0	0.0	0.0
594047	0.0	1.0	0.0	0.0	0.0	0.0	0.0
37888	0.0	1.0	0.0	0.0	0.0	0.0	0.0
82920	0.0	1.0	0.0	0.0	0.0	0.0	0.0
1129040	0.0	1.0	0.0	0.0	0.0	0.0	0.0
594483	0.0	1.0	0.0	0.0	0.0	0.0	0.0
617378	2.7201902E-10	0.9999973	9.019526E-7	2.7201902E-10	1.8041228E-6	2.7201902E-10	2.7201902E-10
1130069	2.7201902E-10	0.9999973	9.019526E-7	2.7201902E-10	1.8041228E-6	2.7201902E-10	2.7201902E-10
97892	0.0	1.0	0.0	0.0	0.0	0.0	0.0
23738	0.0	1.0	0.0	0.0	0.0	0.0	0.0
27895	0.0	1.0	0.0	0.0	0.0	0.0	0.0
1106388	0.0	1.0	0.0	0.0	0.0	0.0	0.0
6935	0.0	1.0	0.0	0.0	0.0	0.0	0.0
27174	0.0	1.0	0.0	0.0	0.0	0.0	0.0
180373	0.0	1.0	0.0	0.0	0.0	0.0	0.0
1129096	0.0	1.0	0.0	0.0	0.0	0.0	0.0
1949	0.0	1.0	0.0	0.0	0.0	0.0	0.0
61069	0.0	1.0	0.0	0.0	0.0	0.0	0.0
1129610	0.0	1.0	0.0	0.0	0.0	0.0	0.0
239800	0.0	1.0	0.0	0.0	0.0	0.0	0.0
143323	0.0	1.0	0.0	0.0	0.0	0.0	0.0
84021	0.0	1.0	0.0	0.0	0.0	0.0	0.0
1131719	0.0	1.0	0.0	0.0	0.0	0.0	0.0
11148	0.0	1.0	0.0	0.0	0.0	0.0	0.0
1128407	0.0	1.0	0.0	0.0	0.0	0.0	0.0
38846	0.0	1.0	0.0	0.0	0.0	0.0	0.0
12330	0.0	1.0	0.0	0.0	0.0	0.0	0.0
2702	0.0	1.0	0.0	0.0	0.0	0.0	0.0
1120431	0.0	1.0	0.0	0.0	0.0	0.0	0.0
38722	0.0	1.0	0.0	0.0	0.0	0.0	0.0
1106172	0.0	1.0	0.0	0.0	0.0	0.0	0.0
1128314	0.0	1.0	0.0	0.0	0.0	0.0	0.0
52003	0.0	1.0	0.0	0.0	0.0	0.0	0.0
1104809	0.0	1.0	0.0	0.0	0.0	0.0	0.0
31863	0.0	1.0	0.0	0.0	0.0	0.0	0.0
90888	0.0	1.0	0.0	0.0	0.0	0.0	0.0
1026	0.0	1.0	0.0	0.0	0.0	0.0	0.0
1129798	0.0	1.0	0.0	0.0	0.0	0.0	0.0
40886	0.0	1.0	0.0	0.0	0.0	0.0	0.0
116553	0.0	1.0	0.0	0.0	0.0	0.0	0.0
1113934	0.0	1.0	0.0	0.0	0.0	0.0	0.0
1126037	0.0	1.0	0.0	0.0	0.0	0.0	0.0
37483	0.0	1.0	0.0	0.0	0.0	0.0	0.0
293974	0.0	1.0	0.0	0.0	0.0	0.0	0.0
1113742	0.0	1.0	0.0	0.0	0.0	0.0	0.0
1152307	0.0	1.0	0.0	0.0	0.0	0.0	0.0
1113614	0.0	1.0	0.0	0.0	0.0	0.0	0.0
232606	0.0	1.0	0.0	0.0	0.0	0.0	0.0
232605	0.0	1.0	0.0	0.0	0.0	0.0	0.0
52007	0.0	1.0	0.0	0.0	0.0	0.0	0.0
41666	0.0	1.0	0.0	0.0	0.0	0.0	0.0
52000	0.0	1.0	0.0	0.0	0.0	0.0	0.0
1128291	0.0	1.0	0.0	0.0	0.0	0.0	0.0
8872	0.0	1.0	0.0	0.0	0.0	0.0	0.0
561595	0.0	1.0	0.0	0.0	0.0	0.0	0.0
73162	0.0	1.0	0.0	0.0	0.0	0.0	0.0
714260	0.0	1.0	0.0	0.0	0.0	0.0	0.0
31336	0.0	1.0	0.0	0.0	0.0	0.0	0.0
1154459	0.0	1.0	0.0	0.0	0.0	0.0	0.0
193352	0.0	1.0	0.0	0.0	0.0	0.0	0.0
178209	0.0	1.0	0.0	0.0	0.0	0.0	0.0
568045	0.0	1.0	0.0	0.0	0.0	0.0	0.0
1116044	0.0	1.0	0.0	0.0	0.0	0.0	0.0
23070	0.0	1.0	0.0	0.0	0.0	0.0	0.0
123556	0.0	1.0	0.0	0.0	0.0	0.0	0.0
14807	0.0	1.0	0.0	0.0	0.0	0.0	0.0
583318	0.0	1.0	0.0	0.0	0.0	0.0	0.0
646357	0.0	0.0	0.0	0.0	1.0	0.0	0.0
642894	0.0	0.0	0.0	0.0	1.0	0.0	0.0
1133028	0.0	1.0	0.0	0.0	0.0	0.0	0.0
154982	0.0	1.0	0.0	0.0	0.0	0.0	0.0
63931	0.0	1.0	0.0	0.0	0.0	0.0	0.0
255628	0.0	1.0	0.0	0.0	0.0	0.0	0.0
714256	0.0	1.0	0.0	0.0	0.0	0.0	0.0
39890	0.0	1.0	0.0	0.0	0.0	0.0	0.0
17476	0.0	1.0	0.0	0.0	0.0	0.0	0.0
1129208	0.0	1.0	0.0	0.0	0.0	0.0	0.0
27510	0.0	1.0	0.0	0.0	0.0	0.0	0.0
103482	0.0	1.0	0.0	0.0	0.0	0.0	0.0
1138755	0.0	1.0	0.0	0.0	0.0	0.0	0.0
171954	0.0	1.0	0.0	0.0	0.0	0.0	0.0
288	0.0	1.0	0.0	0.0	0.0	0.0	0.0
1118092	0.0	1.0	0.0	0.0	0.0	0.0	0.0
46887	0.0	1.0	0.0	0.0	0.0	0.0	0.0
1111788	0.0	1.0	0.0	0.0	0.0	0.0	0.0
1246	0.0	1.0	0.0	0.0	0.0	0.0	0.0
1104007	0.0	1.0	0.0	0.0	0.0	0.0	0.0
1365	0.0	1.0	0.0	0.0	0.0	0.0	0.0
3235	0.0	1.0	0.0	0.0	0.0	0.0	0.0
108983	0.0	1.0	0.0	0.0	0.0	0.0	0.0
35778	0.0	1.0	0.0	0.0	0.0	0.0	0.0
18770	0.0	1.0	0.0	0.0	0.0	0.0	0.0
28964	0.0	1.0	0.0	0.0	0.0	0.0	0.0
582139	0.0	0.0	1.0	0.0	0.0	0.0	0.0
1130680	0.0	0.0	1.0	0.0	0.0	0.0	0.0
1113035	0.0	0.0	0.6425857	0.0	0.35741434	0.0	0.0
746058	0.0	1.0	0.0	0.0	0.0	0.0	0.0
739280	0.0	1.0	0.0	0.0	0.0	0.0	0.0
241821	0.0	1.0	0.0	0.0	0.0	0.0	0.0
159084	0.0	1.0	0.0	0.0	0.0	0.0	0.0
207395	0.0	1.0	0.0	0.0	0.0	0.0	0.0
1152150	0.0	1.0	0.0	0.0	0.0	0.0	0.0
23502	0.0	1.0	0.0	0.0	0.0	0.0	0.0
1131189	0.0	0.0	0.0	0.0	1.0	0.0	0.0
643003	0.0	0.0	0.0	0.0	1.0	0.0	0.0
20923	0.0	1.0	0.0	0.0	0.0	0.0	0.0
1116530	0.0	1.0	0.0	0.0	0.0	0.0	0.0
49482	0.0	1.0	0.0	0.0	0.0	0.0	0.0
259772	0.0	1.0	0.0	0.0	0.0	0.0	0.0
1106112	0.0	1.0	0.0	0.0	0.0	0.0	0.0
28385	0.0	1.0	0.0	0.0	0.0	0.0	0.0
117	0.0	1.0	0.0	0.0	0.0	0.0	0.0
33013	0.0	1.0	0.0	0.0	0.0	0.0	0.0
254923	0.0	1.0	0.0	0.0	0.0	0.0	0.0
124064	0.0	1.0	0.0	0.0	0.0	0.0	0.0
25805	0.0	1.0	0.0	0.0	0.0	0.0	0.0
1128974	0.0	1.0	0.0	0.0	0.0	0.0	0.0
35797	0.0	1.0	0.0	0.0	0.0	0.0	0.0
19231	0.0	1.0	0.0	0.0	0.0	0.0	0.0
18619	0.0	1.0	0.0	0.0	0.0	0.0	0.0
51909	0.0	1.0	0.0	0.0	0.0	0.0	0.0
1122460	0.0	1.0	0.0	0.0	0.0	0.0	0.0
38480	0.0	1.0	0.0	0.0	0.0	0.0	0.0
6910	0.0	1.0	0.0	0.0	0.0	0.0	0.0
1136446	0.0	1.0	0.0	0.0	0.0	0.0	0.0
6210	0.0	1.0	0.0	0.0	0.0	0.0	0.0
28489	0.0	1.0	0.0	0.0	0.0	0.0	0.0
1694	0.0	1.0	0.0	0.0	0.0	0.0	0.0
9716	0.0	1.0	0.0	0.0	0.0	0.0	0.0
1153262	0.0	1.0	0.0	0.0	0.0	0.0	0.0
103515	0.0	1.0	0.0	0.0	0.0	0.0	0.0
8699	0.0	1.0	0.0	0.0	0.0	0.0	0.0
1119708	0.0	1.0	0.0	0.0	0.0	0.0	0.0
654326	0.0	1.0	0.0	0.0	0.0	0.0	0.0
89335	0.0	1.0	0.0	0.0	0.0	0.0	0.0
69397	0.0	1.0	0.0	0.0	0.0	0.0	0.0
6767	0.0	1.0	0.0	0.0	0.0	0.0	0.0
9515	0.0	1.0	0.0	0.0	0.0	0.0	0.0
1131611	0.0	1.0	0.0	0.0	0.0	0.0	0.0
12195	0.0	1.0	0.0	0.0	0.0	0.0	0.0
9513	0.0	1.0	0.0	0.0	0.0	0.0	0.0
684531	0.0	1.0	0.0	0.0	0.0	0.0	0.0
3217	0.0	1.0	0.0	0.0	0.0	0.0	0.0
1000012	0.0	1.0	0.0	0.0	0.0	0.0	0.0
1131267	0.0	1.0	0.0	0.0	0.0	0.0	0.0
561610	0.0	1.0	0.0	0.0	0.0	0.0	0.0
561611	0.0	1.0	0.0	0.0	0.0	0.0	0.0
133550	0.0	1.0	0.0	0.0	0.0	0.0	0.0
140569	0.0	1.0	0.0	0.0	0.0	0.0	0.0
69296	0.0	1.0	0.0	0.0	0.0	0.0	0.0
178718	0.0	1.0	0.0	0.0	0.0	0.0	0.0
1131335	0.0	0.0	0.0	0.0	1.0	0.0	0.0
63486	0.0	1.0	0.0	0.0	0.0	0.0	0.0
96845	0.0	1.0	0.0	0.0	0.0	0.0	0.0
646913	0.0	1.0	0.0	0.0	0.0	0.0	0.0
647413	0.0	1.0	0.0	0.0	0.0	0.0	0.0
33823	0.0	1.0	0.0	0.0	0.0	0.0	0.0
1152904	0.0	1.0	0.0	0.0	0.0	0.0	0.0
31353	0.0	1.0	0.0	0.0	0.0	0.0	0.0
249421	0.0	1.0	0.0	0.0	0.0	0.0	0.0
18313	0.0	1.0	0.0	0.0	0.0	0.0	0.0
193354	0.0	1.0	0.0	0.0	0.0	0.0	0.0
1153150	0.0	1.0	0.0	0.0	0.0	0.0	0.0
3223	0.0	1.0	0.0	0.0	0.0	0.0	0.0
262178	0.0	1.0	0.0	0.0	0.0	0.0	0.0
136665	0.0	1.0	0.0	0.0	0.0	0.0	0.0
1110579	0.0	1.0	0.0	0.0	0.0	0.0	0.0
38845	0.0	1.0	0.0	0.0	0.0	0.0	0.0
427606	0.0	1.0	0.0	0.0	0.0	0.0	0.0
1153946	0.0	0.9999995	4.3304328E-7	0.0	3.9178484E-8	0.0	0.0
610529	0.0	0.9999995	4.3304328E-7	0.0	3.9178484E-8	0.0	0.0
190698	0.0	1.0	0.0	0.0	0.0	0.0	0.0
7041	0.0	1.0	0.0	0.0	2.1101039E-10	0.0	0.0
1120880	0.0	1.0	0.0	0.0	2.1101039E-10	0.0	0.0
77108	6.548245E-7	0.97741383	1.2649577E-9	7.244512E-8	0.022580085	6.5294876E-7	4.7269555E-6
77112	6.548245E-7	0.97741383	1.2649577E-9	7.244512E-8	0.022580085	6.5294876E-7	4.7269555E-6
118424	0.0	1.0	0.0	0.0	0.0	0.0	0.0
118436	0.0	1.0	0.0	0.0	0.0	0.0	0.0
27632	0.0	1.0	0.0	0.0	0.0	0.0	0.0
27627	0.0	1.0	0.0	0.0	0.0	0.0	0.0
154134	0.0	1.0	0.0	0.0	0.0	0.0	0.0
27623	0.0	1.0	0.0	0.0	0.0	0.0	0.0
423463	0.0	1.0	0.0	0.0	0.0	0.0	0.0
31927	0.0	1.0	0.0	0.0	0.0	0.0	0.0
1129572	0.0	1.0	0.0	0.0	0.0	0.0	0.0
190697	0.0	1.0	0.0	0.0	0.0	0.0	0.0
1108267	0.0	1.0	0.0	0.0	0.0	0.0	0.0
4274	0.0	1.0	0.0	0.0	0.0	0.0	0.0
1114664	0.0	1.0	0.0	0.0	0.0	0.0	0.0
340075	0.0	1.0	0.0	0.0	0.0	0.0	0.0
116081	0.0	1.0	0.0	0.0	0.0	0.0	0.0
116087	0.0	1.0	0.0	0.0	0.0	0.0	0.0
4804	0.0	1.0	0.0	0.0	0.0	0.0	0.0
1114222	0.0	1.0	0.0	0.0	0.0	0.0	0.0
1153577	0.0	1.0	0.0	0.0	0.0	0.0	0.0
506	0.0	1.0	0.0	0.0	0.0	0.0	0.0
504	0.0	1.0	0.0	0.0	0.0	0.0	0.0
31349	0.0	1.0	0.0	0.0	0.0	0.0	0.0
36162	0.0	1.0	0.0	0.0	0.0	0.0	0.0
50337	0.0	1.0	0.0	0.0	0.0	0.0	0.0
6818	0.0	1.0	0.0	0.0	0.0	0.0	0.0
226698	1.5745984E-10	0.66668767	0.33331224	6.113377E-11	1.50124E-7	1.4754564E-10	3.592213E-10
1112767	1.5745984E-10	0.66668767	0.33331224	6.113377E-11	1.50124E-7	1.4754564E-10	3.592213E-10
6163	0.0	1.0	0.0	0.0	0.0	0.0	0.0
593091	0.0	1.0	0.0	0.0	0.0	0.0	0.0
510718	0.0	1.0	0.0	0.0	0.0	0.0	0.0
18777	0.0	1.0	0.0	0.0	0.0	0.0	0.0
294239	0.0	1.0	0.0	0.0	0.0	0.0	0.0
1131466	0.0	1.0	0.0	0.0	0.0	0.0	0.0
79817	0.0	1.0	0.0	0.0	0.0	0.0	0.0
40	0.0	1.0	0.0	0.0	0.0	0.0	0.0
141342	0.0	1.0	0.0	0.0	0.0	0.0	0.0
179702	0.0	1.0	0.0	0.0	0.0	0.0	0.0
1121569	0.0	1.0	0.0	0.0	0.0	0.0	0.0
1106330	0.0	1.0	0.0	0.0	0.0	0.0	0.0
5055	0.0	1.0	0.0	0.0	0.0	0.0	0.0
1128151	0.0	1.0	0.0	0.0	0.0	0.0	0.0
210871	0.0	1.0	0.0	0.0	0.0	0.0	0.0
8079	0.0	1.0	0.0	0.0	0.0	0.0	0.0
595157	0.0	1.0	0.0	0.0	0.0	0.0	0.0
28851	0.0	1.0	0.0	0.0	0.0	0.0	0.0
13686	0.0	1.0	0.0	0.0	0.0	0.0	0.0
1114352	0.0	1.0	0.0	0.0	0.0	0.0	0.0
1106052	0.0	1.0	0.0	0.0	0.0	0.0	0.0
1122425	0.0	1.0	0.0	0.0	0.0	0.0	0.0
628667	0.0	1.0	0.0	0.0	0.0	0.0	0.0
509379	0.0	1.0	0.0	0.0	0.0	0.0	0.0
299195	0.0	1.0	0.0	0.0	0.0	0.0	0.0
6152	0.0	1.0	0.0	0.0	0.0	0.0	0.0
100961	0.0	1.0	0.0	0.0	0.0	0.0	0.0
12210	0.0	1.0	0.0	0.0	0.0	0.0	0.0
10177	0.0	1.0	0.0	0.0	0.0	0.0	0.0
1135746	0.0	1.0	0.0	0.0	0.0	0.0	0.0
1130927	0.0	1.0	0.0	0.0	0.0	0.0	0.0
1128267	0.0	1.0	0.0	0.0	0.0	0.0	0.0
83826	0.0	1.0	0.0	0.0	0.0	0.0	0.0
1131266	0.0	1.0	0.0	0.0	0.0	0.0	0.0
45052	0.0	1.0	0.0	0.0	0.0	0.0	0.0
683294	0.0	1.0	0.0	0.0	0.0	0.0	0.0
682508	0.0	1.0	0.0	0.0	0.0	0.0	0.0
1135894	0.0	1.0	0.0	0.0	0.0	0.0	0.0
43186	0.0	1.0	0.0	0.0	0.0	0.0	0.0
27612	0.0	1.0	0.0	0.0	0.0	0.0	0.0
1118209	0.0	1.0	0.0	0.0	0.0	0.0	0.0
576691	0.0	1.0	0.0	0.0	0.0	0.0	0.0
1128198	0.0	1.0	0.0	0.0	0.0	0.0	0.0
45188	0.0	1.0	0.0	0.0	0.0	0.0	0.0
228992	1.3461031E-10	0.99998534	5.839123E-7	1.3461031E-10	1.4039379E-5	1.3461031E-10	1.3461031E-10
228990	1.3461031E-10	0.99998534	5.839123E-7	1.3461031E-10	1.4039379E-5	1.3461031E-10	1.3461031E-10
4330	0.0	1.0	0.0	0.0	0.0	0.0	0.0
119956	0.0	1.0	0.0	0.0	0.0	0.0	0.0
1120059	0.0	0.0	1.0	0.0	4.5790047E-9	0.0	0.0
237489	0.0	0.0	1.0	0.0	4.5790047E-9	0.0	0.0
160705	0.0	0.6666667	0.0	0.0	0.33333334	0.0	0.0
5959	0.0	1.0	0.0	0.0	0.0	0.0	0.0
1102625	0.0	1.0	0.0	0.0	0.0	0.0	0.0
1152740	0.0	1.0	0.0	0.0	0.0	0.0	0.0
6311	0.0	1.0	0.0	0.0	0.0	0.0	0.0
1130915	0.0	1.0	0.0	0.0	0.0	0.0	0.0
1133008	2.8712817E-8	0.98613405	6.646027E-7	2.8712817E-8	0.013865282	2.8712817E-8	2.8712817E-8
688824	2.8712817E-8	0.98613405	6.646027E-7	2.8712817E-8	0.013865282	2.8712817E-8	2.8712817E-8
385572	0.0	1.0	0.0	0.0	0.0	0.0	0.0
25184	0.0	1.0	0.0	0.0	0.0	0.0	0.0
1104449	0.0	1.0	0.0	0.0	0.0	0.0	0.0
3222	0.0	1.0	0.0	0.0	0.0	0.0	0.0
595063	0.0	1.0	0.0	0.0	0.0	0.0	0.0
575795	0.0	1.0	0.0	0.0	0.0	0.0	0.0
509315	0.0	1.0	0.0	0.0	0.0	0.0	0.0
763009	0.0	0.8333333	0.16666667	0.0	0.0	0.0	0.0
248425	0.0	1.0	0.0	0.0	0.0	0.0	0.0
3828	0.0	1.0	0.0	0.0	0.0	0.0	0.0
50336	0.0	1.0	0.0	0.0	0.0	0.0	0.0
99030	0.0	0.0	1.0	0.0	0.0	0.0	0.0
205192	0.0	0.0	1.0	0.0	0.0	0.0	0.0
1108258	0.0	1.0	0.0	0.0	0.0	0.0	0.0
126868	0.0	1.0	0.0	0.0	0.0	0.0	0.0
118260	0.0	1.0	0.0	0.0	0.0	0.0	0.0
118259	0.0	1.0	0.0	0.0	0.0	0.0	0.0
116790	0.0	1.0	0.0	0.0	0.0	0.0	0.0
173863	0.0	1.0	0.0	0.0	0.0	0.0	0.0
126867	0.0	1.0	0.0	0.0	0.0	0.0	0.0
576725	0.0	1.0	0.0	0.0	0.0	0.0	0.0
576795	0.0	1.0	0.0	0.0	0.0	0.0	0.0
1106547	0.0	1.0	0.0	0.0	0.0	0.0	0.0
649944	0.0	1.0	0.0	0.0	0.0	0.0	0.0
294126	0.0	1.0	0.0	0.0	0.0	0.0	0.0
144330	0.0	1.0	0.0	0.0	0.0	0.0	0.0
134316	0.0	1.0	0.0	0.0	0.0	0.0	0.0
65074	0.0	1.0	0.0	0.0	0.0	0.0	0.0
1152394	0.0	0.9999999	0.0	0.0	1.4716822E-7	0.0	0.0
121792	0.0	0.9999999	0.0	0.0	1.4716822E-7	0.0	0.0
147870	0.0	1.0	0.0	0.0	0.0	0.0	0.0
1132434	0.0	1.0	0.0	0.0	0.0	0.0	0.0
23448	0.0	1.0	0.0	0.0	0.0	0.0	0.0
6184	0.0	1.0	0.0	0.0	0.0	0.0	0.0
1105718	0.0	1.0	0.0	0.0	0.0	0.0	0.0
65057	0.0	1.0	0.0	0.0	0.0	0.0	0.0
1116268	0.0	1.0	0.0	0.0	0.0	0.0	0.0
1152379	0.0	1.0	0.0	0.0	0.0	0.0	0.0
44455	0.0	1.0	0.0	0.0	0.0	0.0	0.0
1128985	0.0	1.0	0.0	0.0	0.0	0.0	0.0
503871	0.0	1.0	0.0	0.0	0.0	0.0	0.0
1033	0.0	1.0	0.0	0.0	0.0	0.0	0.0
11339	0.0	1.0	0.0	0.0	0.0	0.0	0.0
11326	0.0	1.0	0.0	0.0	0.0	0.0	0.0
68224	0.0	0.0	1.0	0.0	0.0	0.0	0.0
573535	0.0	3.3026564E-11	0.0	0.0	1.0	0.0	0.0
66751	0.0	3.3026564E-11	0.0	0.0	1.0	0.0	0.0
634975	0.0	1.0	0.0	0.0	0.0	0.0	0.0
287787	0.0	1.0	0.0	0.0	0.0	0.0	0.0
1109199	0.0	1.0	0.0	0.0	0.0	0.0	0.0
1112723	0.0	1.0	0.0	0.0	0.0	0.0	0.0
40124	0.0	1.0	0.0	0.0	0.0	0.0	0.0
1154276	0.0	1.0	0.0	0.0	0.0	0.0	0.0
1152244	0.0	1.0	0.0	0.0	0.0	0.0	0.0
64271	0.0	1.0	0.0	0.0	0.0	0.0	0.0
116084	0.0	1.0	0.0	0.0	0.0	0.0	0.0
566664	0.0	1.0	0.0	0.0	0.0	0.0	0.0
12576	0.0	1.0	0.0	0.0	0.0	0.0	0.0
75695	0.0	0.0	0.4879595	0.0	0.5120405	0.0	0.0
10169	0.0	1.0	0.0	0.0	0.0	0.0	0.0
49660	0.0	1.0	0.0	0.0	0.0	0.0	0.0
37884	0.0	1.0	0.0	0.0	0.0	0.0	0.0
1116410	0.0	1.0	0.0	0.0	0.0	0.0	0.0
219976	0.0	1.0	0.0	0.0	0.0	0.0	0.0
459213	0.0	1.0	0.0	0.0	0.0	0.0	0.0
1128935	0.0	1.0	0.0	0.0	0.0	0.0	0.0
459214	0.0	1.0	0.0	0.0	0.0	0.0	0.0
632874	0.0	1.0	0.0	0.0	0.0	0.0	0.0
1132815	0.0	1.0	0.0	0.0	0.0	0.0	0.0
1105116	0.0	1.0	0.0	0.0	0.0	0.0	0.0
37879	0.0	1.0	0.0	0.0	0.0	0.0	0.0
50354	0.0	1.0	0.0	0.0	0.0	0.0	0.0
529165	8.212976E-8	0.9999379	6.070797E-5	8.212976E-8	1.1597676E-6	8.212976E-8	8.212976E-8
1126315	8.212976E-8	0.9999379	6.070797E-5	8.212976E-8	1.1597676E-6	8.212976E-8	8.212976E-8
387795	0.0	1.0	0.0	0.0	0.0	0.0	0.0
28287	0.0	1.0	0.0	0.0	0.0	0.0	0.0
48764	0.0	1.0	0.0	0.0	0.0	0.0	0.0
1132461	0.0	1.0	0.0	0.0	0.0	0.0	0.0
672071	0.0	1.0	0.0	0.0	0.0	0.0	0.0
1135345	0.0	1.0	0.0	0.0	0.0	0.0	0.0
162080	0.0	1.0	0.0	0.0	0.0	0.0	0.0
252715	0.0	1.0	0.0	0.0	0.0	0.0	0.0
59798	0.0	1.0	0.0	0.0	0.0	0.0	0.0
96335	0.0	1.0	0.0	0.0	0.0	0.0	0.0
46470	0.0	1.0	0.0	0.0	0.0	0.0	0.0
128540	0.0	1.0	0.0	0.0	0.0	0.0	0.0
1153853	0.0	1.0	0.0	0.0	0.0	0.0	0.0
1106418	0.0	1.0	0.0	0.0	0.0	0.0	0.0
86258	0.0	1.0	0.0	0.0	0.0	0.0	0.0
5348	0.0	0.0	0.0	0.0	1.0	0.0	0.0
25181	0.0	1.0	0.0	0.0	0.0	0.0	0.0
82098	0.0	1.0	0.0	0.0	0.0	0.0	0.0
82087	0.0	1.0	0.0	0.0	0.0	0.0	0.0
1152290	0.0	1.0	0.0	0.0	0.0	0.0	0.0
1118546	0.0	1.0	0.0	0.0	0.0	0.0	0.0
354004	0.0	1.0	0.0	0.0	0.0	0.0	0.0
644093	0.0	0.0	0.0	0.0	1.0	0.0	0.0
643221	0.0	0.0	0.0	0.0	1.0	0.0	0.0
69418	0.0	1.0	0.0	0.0	0.0	0.0	0.0
964248	0.0	1.0	0.0	0.0	0.0	0.0	0.0
573553	0.0	1.0	0.0	0.0	0.0	0.0	0.0
1119471	0.0	1.0	0.0	0.0	0.0	0.0	0.0
1127551	0.0	1.0	0.0	0.0	0.0	0.0	0.0
561789	0.0	1.0	0.0	0.0	0.0	0.0	0.0
1152358	0.0	1.0	0.0	0.0	0.0	0.0	0.0
97390	0.0	1.0	0.0	0.0	0.0	0.0	0.0
1132285	0.0	1.0	0.0	0.0	0.0	0.0	0.0
1152944	0.0	1.0	0.0	0.0	0.0	0.0	0.0
1117760	0.0	1.0	0.0	0.0	0.0	0.0	0.0
1112026	0.0	1.0	0.0	0.0	0.0	0.0	0.0
1108329	0.0	1.0	0.0	0.0	0.0	0.0	0.0
128383	0.0	1.0	0.0	0.0	0.0	0.0	0.0
1118286	0.0	1.0	0.0	0.0	0.0	0.0	0.0
137359	0.0	1.0	0.0	0.0	0.0	0.0	0.0
16476	0.0	1.0	0.0	0.0	0.0	0.0	0.0
16474	0.0	1.0	0.0	0.0	0.0	0.0	0.0
126927	0.0	0.0	0.0	0.0	1.0	0.0	0.0
817774	1.87979E-8	0.99999964	8.77849E-10	1.87979E-8	3.5731955E-7	1.87979E-8	1.87979E-8
820661	1.87979E-8	0.99999964	8.77849E-10	1.87979E-8	3.5731955E-7	1.87979E-8	1.87979E-8
66594	0.0	1.0	0.0	0.0	0.0	0.0	0.0
1102567	0.0	1.0	0.0	0.0	0.0	0.0	0.0
1105433	0.0	1.0	0.0	0.0	0.0	0.0	0.0
63832	0.0	1.0	0.0	0.0	0.0	0.0	0.0
56119	0.0	1.0	0.0	0.0	0.0	0.0	0.0
28471	0.0	1.0	0.0	0.0	0.0	0.0	0.0
210872	0.0	1.0	0.0	0.0	0.0	0.0	0.0
606479	0.0	1.0	0.0	0.0	0.0	0.0	0.0
561674	0.0	1.0	0.0	0.0	0.0	0.0	0.0
1127541	0.0	1.0	0.0	0.0	0.0	0.0	0.0
75972	0.0	1.0	0.0	0.0	0.0	0.0	0.0
593544	0.0	1.0	0.0	0.0	0.0	0.0	0.0
1128982	0.0	1.0	0.0	0.0	0.0	0.0	0.0
1153280	0.0	1.0	0.0	0.0	0.0	0.0	0.0
577331	0.0	1.0	0.0	0.0	0.0	0.0	0.0
1128227	0.0	1.0	0.0	0.0	0.0	0.0	0.0
1131360	0.0	1.0	0.0	0.0	0.0	0.0	0.0
73146	0.0	1.0	0.0	0.0	0.0	0.0	0.0
13193	0.0	1.0	0.0	0.0	0.0	0.0	0.0
1128369	0.0	1.0	0.0	0.0	0.0	0.0	0.0
1105574	0.0	0.0	1.0	0.0	0.0	0.0	0.0
77758	0.0	1.0	0.0	0.0	0.0	0.0	0.0
445938	0.0	1.0	0.0	0.0	0.0	0.0	0.0
6814	0.0	1.0	0.0	0.0	0.0	0.0	0.0
389715	0.0	1.0	0.0	0.0	0.0	0.0	0.0
645897	0.0	0.0	0.0	0.0	1.0	0.0	0.0
1129367	0.0	1.0	0.0	0.0	0.0	0.0	0.0
4329	0.0	1.0	0.0	0.0	0.0	0.0	0.0
644577	0.0	0.0	0.0	0.0	1.0	0.0	0.0
1131305	0.0	0.0	0.0	0.0	1.0	0.0	0.0
1131301	0.0	0.0	0.0	0.0	1.0	0.0	0.0
1104031	0.0	1.0	0.0	0.0	0.0	0.0	0.0
18812	0.0	1.0	0.0	0.0	0.0	0.0	0.0
510715	0.0	1.0	0.0	0.0	0.0	0.0	0.0
1114239	0.0	1.0	0.0	0.0	0.0	0.0	0.0
1118658	0.0	1.0	0.0	0.0	0.0	0.0	0.0
13885	0.0	1.0	0.0	0.0	0.0	0.0	0.0
66986	0.0	1.0	0.0	0.0	0.0	0.0	0.0
39210	0.0	1.0	0.0	0.0	0.0	0.0	0.0
636511	0.0	1.0	0.0	0.0	0.0	0.0	0.0
32276	0.0	1.0	0.0	0.0	0.0	0.0	0.0
108974	0.0	1.0	0.0	0.0	0.0	0.0	0.0
1133417	0.0	1.0	0.0	0.0	0.0	0.0	0.0
273152	0.0	1.0	0.0	0.0	0.0	0.0	0.0
735303	0.0	1.0	0.0	0.0	0.0	0.0	0.0
340078	0.0	1.0	0.0	0.0	0.0	0.0	0.0
64519	0.0	1.0	0.0	0.0	0.0	0.0	0.0
28456	0.0	1.0	0.0	0.0	0.0	0.0	0.0
1154251	0.0	1.0	0.0	0.0	0.0	0.0	0.0
93320	0.0	1.0	0.0	0.0	0.0	0.0	0.0
1118823	0.0	1.0	0.0	0.0	0.0	0.0	0.0
7419	0.0	1.0	0.0	0.0	0.0	0.0	0.0
1105810	0.0	1.0	0.0	0.0	0.0	0.0	0.0
647447	0.0	1.0	0.0	0.0	0.0	0.0	0.0
1135899	0.0	0.0	1.0	0.0	0.0	0.0	0.0
754594	0.0	1.0	0.0	0.0	7.5384915E-10	0.0	0.0
1136040	0.0	1.0	0.0	0.0	7.5384915E-10	0.0	0.0
251756	0.0	1.0	0.0	0.0	0.0	0.0	0.0
189571	0.0	1.0	0.0	0.0	0.0	0.0	0.0
714748	0.0	1.0	0.0	0.0	0.0	0.0	0.0
1110438	0.0	1.0	0.0	0.0	0.0	0.0	0.0
180187	0.0	1.0	0.0	0.0	0.0	0.0	0.0
1106546	0.0	1.0	0.0	0.0	0.0	0.0	0.0
175291	0.0	1.0	0.0	0.0	0.0	0.0	0.0
13960	0.0	1.0	0.0	0.0	0.0	0.0	0.0
1120252	0.0	1.0	0.0	0.0	0.0	0.0	0.0
74821	0.0	1.0	0.0	0.0	0.0	0.0	0.0
503893	0.0	1.0	0.0	0.0	0.0	0.0	0.0
102879	0.0	1.0	0.0	0.0	0.0	0.0	0.0
1152508	0.0	1.0	0.0	0.0	0.0	0.0	0.0
1106298	0.0	1.0	0.0	0.0	0.0	0.0	0.0
3240	0.0	1.0	0.0	0.0	0.0	0.0	0.0
84020	0.0	1.0	0.0	0.0	0.0	0.0	0.0
40151	0.0	1.0	0.0	0.0	0.0	0.0	0.0
428610	0.0	1.0	0.0	0.0	0.0	0.0	0.0
653441	0.0	1.0	0.0	0.0	0.0	0.0	0.0
1129907	0.0	1.0	0.0	0.0	0.0	0.0	0.0
285675	0.0	1.0	0.0	0.0	0.0	0.0	0.0
285687	0.0	1.0	0.0	0.0	0.0	0.0	0.0
69284	0.0	1.0	0.0	0.0	0.0	0.0	0.0
189856	0.0	1.0	0.0	0.0	0.0	0.0	0.0
683355	0.0	1.0	0.0	0.0	0.0	0.0	0.0
1105764	0.0	1.0	0.0	0.0	0.0	0.0	0.0
45212	0.0	1.0	0.0	0.0	0.0	0.0	0.0
96847	0.0	1.0	0.0	0.0	0.0	0.0	0.0
6216	0.0	1.0	0.0	0.0	0.0	0.0	0.0
695284	0.0	0.0	0.0	0.0	1.0	0.0	1.0373555E-10
132821	0.0	0.0	0.0	0.0	1.0	0.0	1.0373555E-10
42156	0.0	1.0	0.0	0.0	0.0	0.0	0.0
1116594	0.0	1.0	0.0	0.0	0.0	0.0	0.0
576257	0.0	1.0	0.0	0.0	0.0	0.0	0.0
23116	0.0	1.0	0.0	0.0	0.0	0.0	0.0
188471	0.0	1.0	0.0	0.0	0.0	0.0	0.0
1125944	0.0	1.0	0.0	0.0	0.0	0.0	0.0
1153148	0.0	1.0	0.0	0.0	0.0	0.0	0.0
20178	0.0	1.0	0.0	0.0	0.0	0.0	0.0
20179	0.0	1.0	0.0	0.0	0.0	0.0	0.0
708945	0.0	1.0	0.0	0.0	0.0	0.0	0.0
191222	0.0	1.0	0.0	0.0	0.0	0.0	0.0
1108167	0.0	1.0	0.0	0.0	0.0	0.0	0.0
411092	0.0	1.0	0.0	0.0	0.0	0.0	0.0
6741	0.0	1.0	0.0	0.0	0.0	0.0	0.0
1130567	0.0	1.0	0.0	0.0	0.0	0.0	0.0
911198	0.0	0.0	0.0	0.0	1.0	0.0	0.0
38205	0.0	1.0	0.0	0.0	0.0	0.0	0.0
4660	0.0	1.0	0.0	0.0	0.0	0.0	0.0
582343	0.0	1.0	0.0	0.0	0.0	0.0	0.0
521251	0.0	1.0	0.0	0.0	0.0	0.0	0.0
1152448	0.0	1.0	0.0	0.0	0.0	0.0	0.0
32083	0.0	1.0	0.0	0.0	0.0	0.0	0.0
116552	0.0	1.0	0.0	0.0	0.0	0.0	0.0
643485	0.0	0.0	0.0	0.0	1.0	0.0	0.0
99025	0.0	0.0	1.1465688E-8	0.0	1.0	0.0	0.0
1154068	0.0	1.0	0.0	0.0	0.0	0.0	0.0
137868	0.0	1.0	0.0	0.0	0.0	0.0	0.0
943	0.0	1.0	0.0	0.0	0.0	0.0	0.0
1129027	0.0	1.0	0.0	0.0	0.0	0.0	0.0
578365	0.0	0.0	1.0	0.0	0.0	0.0	0.0
578306	0.0	0.0	1.0	0.0	0.0	0.0	0.0
116528	0.0	1.0	0.0	0.0	0.0	0.0	0.0
94416	0.0	1.0	0.0	0.0	0.0	0.0	0.0
104840	0.0	1.0	0.0	0.0	0.0	0.0	0.0
141171	0.0	1.0	0.0	0.0	0.0	0.0	0.0
179706	0.0	1.0	0.0	0.0	0.0	0.0	0.0
1237	0.0	1.0	0.0	0.0	0.0	0.0	0.0
1102400	0.0	1.0	0.0	0.0	0.0	0.0	0.0
134060	0.0	1.0	0.0	0.0	0.0	0.0	0.0
481073	0.0	1.0	0.0	0.0	0.0	0.0	0.0
417017	0.0	1.0	0.0	0.0	0.0	0.0	0.0
608190	0.0	1.0	0.0	0.0	0.0	0.0	0.0
20584	0.0	1.0	0.0	0.0	0.0	0.0	0.0
594039	0.0	1.0	0.0	0.0	0.0	0.0	0.0
1129015	0.0	1.0	0.0	0.0	0.0	0.0	0.0
6898	0.0	1.0	0.0	0.0	0.0	0.0	0.0
124224	0.0	1.0	0.0	0.0	0.0	0.0	0.0
27250	0.0	1.0	0.0	0.0	0.0	0.0	0.0
1110494	0.0	1.0	0.0	0.0	0.0	0.0	0.0
1104300	0.0	1.0	0.0	0.0	0.0	0.0	0.0
521855	0.0	1.0	0.0	0.0	0.0	0.0	0.0
81714	0.0	1.0	0.0	0.0	0.0	0.0	0.0
1213	0.0	1.0	0.0	0.0	0.0	0.0	0.0
8766	0.0	1.0	0.0	0.0	0.0	0.0	0.0
93273	0.0	1.0	0.0	0.0	0.0	0.0	0.0
989397	0.0	1.0	0.0	0.0	0.0	0.0	0.0
18774	0.0	1.0	0.0	0.0	0.0	0.0	0.0
340299	0.0	1.0	0.0	0.0	0.0	0.0	0.0
1127619	0.0	1.0	0.0	0.0	0.0	0.0	0.0
14429	0.0	1.0	0.0	0.0	0.0	0.0	0.0
1103969	0.0	1.0	0.0	0.0	0.0	0.0	0.0
358894	0.0	1.0	0.0	0.0	0.0	0.0	0.0
91581	0.0	1.0	0.0	0.0	0.0	0.0	0.0
69392	0.0	1.0	0.0	0.0	0.0	0.0	0.0
195150	0.0	1.0	0.0	0.0	0.0	0.0	0.0
409725	0.0	1.0	0.0	0.0	0.0	0.0	0.0
12182	0.0	1.0	0.0	0.0	0.0	0.0	0.0
6238	0.0	1.0	0.0	0.0	0.0	0.0	0.0
10793	0.0	1.0	0.0	0.0	0.0	0.0	0.0
1130600	0.0	1.0	0.0	0.0	0.0	0.0	0.0
54131	0.0	1.0	0.0	0.0	0.0	0.0	0.0
141324	0.0	1.0	0.0	0.0	0.0	0.0	0.0
1104182	0.0	1.0	0.0	0.0	0.0	0.0	0.0
51180	0.0	1.0	0.0	0.0	0.0	0.0	0.0
1107319	0.0	1.0	0.0	0.0	0.0	0.0	0.0
950052	0.0	1.0	0.0	0.0	0.0	0.0	0.0
1153891	0.0	1.0	0.0	0.0	0.0	0.0	0.0
131317	0.0	1.0	0.0	0.0	0.0	0.0	0.0
411005	0.0	1.0	0.0	0.0	0.0	0.0	0.0
1129994	0.0	1.0	0.0	0.0	0.0	0.0	0.0
16819	0.0	0.0	0.0	0.0	1.0	0.0	0.0
1131274	0.0	0.0	0.0	0.0	1.0	0.0	0.0
1114331	0.0	1.0	0.0	0.0	0.0	0.0	0.0
134199	0.0	1.0	0.0	0.0	0.0	0.0	0.0
47684	0.0	1.0	0.0	0.0	0.0	0.0	0.0
424	0.0	1.0	0.0	0.0	0.0	0.0	0.0
1115677	0.0	1.0	0.0	0.0	0.0	0.0	0.0
594025	0.0	1.0	0.0	0.0	0.0	0.0	0.0
10430	0.0	1.0	0.0	0.0	0.0	0.0	0.0
1128990	0.0	1.0	0.0	0.0	0.0	0.0	0.0
1152272	0.0	1.0	0.0	0.0	0.0	0.0	0.0
1140543	0.0	1.0	0.0	0.0	0.0	0.0	0.0
1955	0.0	1.0	0.0	0.0	0.0	0.0	0.0
55403	0.0	1.0	0.0	0.0	0.0	0.0	0.0
132806	0.0	1.0	0.0	0.0	0.0	0.0	0.0
48766	0.0	1.0	0.0	0.0	0.0	0.0	0.0
216878	0.0	1.0	0.0	0.0	0.0	0.0	0.0
711527	0.0	1.0	0.0	0.0	0.0	0.0	0.0
686061	0.0	1.0	0.0	0.0	0.0	0.0	0.0
634904	0.0	1.0	0.0	0.0	0.0	0.0	0.0
20850	0.0	1.0	0.0	0.0	0.0	0.0	0.0
1106401	0.0	1.0	0.0	0.0	0.0	0.0	0.0
42207	0.0	1.0	0.0	0.0	0.0	0.0	0.0
40583	0.0	1.0	0.0	0.0	0.0	0.0	0.0
28026	0.0	1.0	0.0	0.0	0.0	0.0	0.0
5062	0.0	1.0	0.0	0.0	0.0	0.0	0.0
1121537	0.0	1.0	0.0	0.0	0.0	0.0	0.0
6913	0.0	0.9166667	0.0	0.0	0.083333336	0.0	0.0
91853	0.0	1.0	0.0	0.0	0.0	0.0	0.0
671269	0.0	1.0	0.0	0.0	0.0	0.0	0.0
126920	0.0	0.0	0.0	0.0	1.0	0.0	0.0
375825	0.0	0.99999726	2.9487618E-10	0.0	2.7453939E-6	0.0	0.0
75318	0.0	1.0	0.0	0.0	0.0	0.0	0.0
671052	0.0	1.0	1.0297037E-8	0.0	4.1812026E-11	0.0	0.0
430711	0.0	1.0	1.0297037E-8	0.0	4.1812026E-11	0.0	0.0
129896	0.0	1.0	0.0	0.0	0.0	0.0	0.0
93923	0.0	1.0	0.0	0.0	0.0	0.0	0.0
6923	0.0	1.0	0.0	0.0	0.0	0.0	0.0
907845	0.0	1.0	0.0	0.0	0.0	0.0	0.0
129287	0.0	1.0	0.0	0.0	0.0	0.0	0.0
1110390	0.0	1.0	0.0	0.0	0.0	0.0	0.0
531351	0.0	1.0	0.0	0.0	0.0	0.0	0.0
359067	0.0	1.0	0.0	0.0	0.0	0.0	0.0
1120731	0.0	1.0	0.0	0.0	0.0	0.0	0.0
628500	0.0	1.0	0.0	0.0	0.0	0.0	0.0
189620	0.0	1.0	0.0	0.0	0.0	0.0	0.0
1106671	0.0	1.0	0.0	0.0	0.0	0.0	0.0
16470	0.0	1.0	0.0	0.0	0.0	0.0	0.0
307015	0.0	1.0	0.0	0.0	0.0	0.0	0.0
219446	0.0	1.0	0.0	0.0	0.0	0.0	0.0
1112426	0.0	1.0	0.0	0.0	0.0	0.0	0.0
35854	0.0	1.0	0.0	0.0	0.0	0.0	0.0
58758	0.0	1.0	0.0	0.0	0.0	0.0	0.0
73972	0.0	1.0	0.0	0.0	0.0	0.0	0.0
50980	0.0	1.0	0.0	0.0	0.0	0.0	0.0
1108209	0.0	1.0	0.0	0.0	0.0	0.0	0.0
22876	0.0	1.0	0.0	0.0	0.0	0.0	0.0
22869	0.0	1.0	0.0	0.0	0.0	0.0	0.0
194645	0.0	1.0	0.0	0.0	0.0	0.0	0.0
1116146	0.0	1.0	0.0	0.0	0.0	0.0	0.0
15892	0.0	1.0	0.0	0.0	0.0	0.0	0.0
928873	0.0	1.0	0.0	0.0	0.0	0.0	0.0
24043	0.0	1.0	0.0	0.0	0.0	0.0	0.0
1129629	0.0	1.0	0.0	0.0	0.0	0.0	0.0
12198	0.0	1.0	0.0	0.0	0.0	0.0	0.0
1135750	0.0	0.6666667	0.0	0.0	0.33333334	0.0	0.0
628815	0.0	1.0	0.0	0.0	0.0	0.0	0.0
634938	0.0	1.0	0.0	0.0	0.0	0.0	0.0
36802	0.0	1.0	0.0	0.0	0.0	0.0	0.0
589923	0.0	1.0	0.0	0.0	0.0	0.0	0.0
197783	0.0	1.0	0.0	0.0	0.0	0.0	0.0
84695	0.0	1.0	0.0	0.0	0.0	0.0	0.0
1128256	0.0	1.0	0.0	0.0	0.0	0.0	0.0
11337	0.0	1.0	0.0	0.0	0.0	0.0	0.0
1132443	0.0	1.0	0.0	0.0	0.0	0.0	0.0
22874	0.0	1.0	0.0	0.0	0.0	0.0	0.0
646837	0.0	1.0	0.0	0.0	0.0	0.0	0.0
28278	0.0	1.0	0.0	0.0	0.0	0.0	0.0
578645	0.0	1.0	0.0	0.0	0.0	0.0	0.0
235776	0.0	1.0	0.0	0.0	0.0	0.0	0.0
70444	0.0	1.0	0.0	0.0	0.0	0.0	0.0
1117184	0.0	1.0	0.0	0.0	0.0	0.0	0.0
48066	0.0	1.0	0.0	0.0	0.0	0.0	0.0
31083	0.0	1.0	0.0	0.0	0.0	0.0	0.0
578309	0.0	0.0	1.0	0.0	0.0	0.0	0.0
360028	0.0	1.0	0.0	0.0	0.0	0.0	0.0
16437	0.0	1.0	0.0	0.0	0.0	0.0	0.0
27631	0.0	1.0	0.0	0.0	0.0	0.0	0.0
141868	0.0	1.0	0.0	0.0	0.0	0.0	0.0
145215	0.0	1.0	0.0	0.0	0.0	0.0	0.0
217115	0.0	1.0	0.0	0.0	0.0	0.0	0.0
22883	0.0	1.0	0.0	0.0	0.0	0.0	0.0
17242	0.0	1.0	0.0	0.0	0.0	0.0	0.0
137849	0.0	1.0	0.0	0.0	0.0	0.0	0.0
137873	0.0	1.0	0.0	0.0	0.0	0.0	0.0
397488	0.0	1.0	0.0	0.0	0.0	0.0	0.0
124734	0.0	1.0	0.0	0.0	0.0	0.0	0.0
27606	0.0	1.0	0.0	0.0	0.0	0.0	0.0
52784	0.0	1.0	0.0	0.0	0.0	0.0	0.0
36145	0.0	1.0	0.0	0.0	0.0	0.0	0.0
20528	0.0	1.0	0.0	0.0	0.0	0.0	0.0
1103676	0.0	1.0	0.0	0.0	0.0	0.0	0.0
67415	0.0	1.0	0.0	0.0	0.0	0.0	0.0
675649	0.0	1.0	0.0	0.0	0.0	0.0	0.0
137130	0.0	1.0	0.0	0.0	0.0	0.0	0.0
1140230	0.0	0.0	1.0	0.0	0.0	0.0	0.0
62389	0.0	1.0	0.0	0.0	0.0	0.0	0.0
1107325	0.0	1.0	0.0	0.0	0.0	0.0	0.0
12275	0.0	1.0	4.5979964E-10	0.0	0.0	0.0	0.0
233106	0.0	1.0	4.5979964E-10	0.0	0.0	0.0	0.0
3243	0.0	1.0	0.0	0.0	0.0	0.0	0.0
396412	0.0	1.0	0.0	0.0	0.0	0.0	0.0
370366	0.0	1.0	0.0	0.0	0.0	0.0	0.0
1140040	0.0	1.0	0.0	0.0	0.0	0.0	0.0
593329	0.0	1.0	0.0	0.0	0.0	0.0	0.0
71904	0.0	1.0	0.0	0.0	0.0	0.0	0.0
124828	0.0	0.5	0.0	0.0	0.5	0.0	0.0
180399	0.0	1.0	0.0	0.0	0.0	0.0	0.0
30934	0.0	1.0	0.0	0.0	0.0	0.0	0.0
12960	0.0	1.0	0.0	0.0	0.0	0.0	0.0
205196	0.0	1.0	0.0	0.0	0.0	0.0	0.0
815073	0.0	1.0	0.0	0.0	0.0	0.0	0.0
579108	0.0	1.0	0.0	0.0	0.0	0.0	0.0
30973	0.0	1.0	0.0	0.0	0.0	0.0	0.0
127940	0.0	1.0	0.0	0.0	0.0	0.0	0.0
416964	0.0	1.0	0.0	0.0	0.0	0.0	0.0
5462	0.0	1.0	0.0	0.0	0.0	0.0	0.0
56115	0.0	1.0	0.0	0.0	0.0	0.0	0.0
1122580	0.0	1.0	0.0	0.0	0.0	0.0	0.0
22563	0.0	1.0	0.0	0.0	0.0	0.0	0.0
26850	0.0	1.0	0.0	0.0	0.0	0.0	0.0
1114605	0.0	1.0	0.0	0.0	0.0	0.0	0.0
107251	0.0	1.0	0.0	0.0	0.0	0.0	0.0
107252	0.0	1.0	0.0	0.0	0.0	0.0	0.0
243483	0.0	1.0	0.0	0.0	0.0	0.0	0.0
367312	0.0	1.0	0.0	0.0	0.0	0.0	0.0
1135358	0.0	1.0	0.0	0.0	0.0	0.0	0.0
27249	0.0	1.0	0.0	0.0	0.0	0.0	0.0
131318	0.0	1.0	0.0	0.0	0.0	0.0	0.0
1131192	0.0	0.0	0.0	0.0	1.0	0.0	0.0
643069	0.0	0.0	0.0	0.0	1.0	0.0	0.0
25794	0.0	1.0	0.0	0.0	0.0	0.0	0.0
1154103	0.0	1.0	0.0	0.0	0.0	0.0	0.0
1154520	0.0	1.0	0.0	0.0	0.0	0.0	0.0
108962	0.0	1.0	0.0	0.0	0.0	0.0	0.0
159897	0.0	1.0	0.0	0.0	0.0	0.0	0.0
561364	0.0	1.0	0.0	0.0	0.0	0.0	0.0
1127430	0.0	1.0	0.0	0.0	0.0	0.0	0.0
74427	0.0	1.0	0.0	0.0	0.0	0.0	0.0
1106771	0.0	1.0	0.0	0.0	0.0	0.0	0.0
1131270	0.0	0.85714287	0.0	0.0	0.14285715	0.0	0.0
38537	0.0	0.85714287	0.0	0.0	0.14285715	0.0	0.0
212930	0.0	1.0	0.0	0.0	0.0	0.0	0.0
231249	0.0	1.0	0.0	0.0	0.0	0.0	0.0
18781	0.0	1.0	0.0	0.0	0.0	0.0	0.0
86840	0.0	1.0	0.0	0.0	0.0	0.0	0.0
1154169	0.0	1.0	0.0	0.0	0.0	0.0	0.0
116512	0.0	1.0	2.0386952E-9	0.0	0.0	0.0	0.0
1107808	0.0	1.0	2.0386952E-9	0.0	0.0	0.0	0.0
34961	0.0	1.0	0.0	0.0	0.0	0.0	0.0
31043	0.0	1.0	0.0	0.0	0.0	0.0	0.0
74749	0.0	1.0	0.0	0.0	0.0	0.0	0.0
1120019	0.0	0.9999988	4.2152635E-7	0.0	7.617498E-7	0.0	0.0
384428	0.0	0.9999988	4.2152635E-7	0.0	7.617498E-7	0.0	0.0
1119295	0.0	1.0	0.0	0.0	0.0	0.0	0.0
157805	0.0	1.0	0.0	0.0	0.0	0.0	0.0
1116336	0.0	1.0	0.0	0.0	0.0	0.0	0.0
682666	0.0	1.0	0.0	0.0	0.0	0.0	0.0
6385	0.0	1.0	0.0	0.0	0.0	0.0	0.0
815096	0.0	1.0	0.0	0.0	0.0	0.0	0.0
1129835	0.0	1.0	0.0	0.0	0.0	0.0	0.0
1123867	0.0	1.0	0.0	0.0	0.0	0.0	0.0
1114502	0.0	1.0	0.0	0.0	0.0	0.0	0.0
1817	0.0	1.0	0.0	0.0	0.0	0.0	0.0
154023	0.0	1.0	0.0	0.0	0.0	0.0	0.0
1133846	0.0	1.0	0.0	0.0	0.0	0.0	0.0
1132418	0.0	1.0	0.0	0.0	0.0	0.0	0.0
29492	0.0	1.0	0.0	0.0	0.0	0.0	0.0
400473	0.0	1.0	0.0	0.0	0.0	0.0	0.0
240791	0.0	1.0	0.0	0.0	0.0	0.0	0.0
131042	0.0	1.0	0.0	0.0	0.0	0.0	0.0
28227	0.0	1.0	0.0	0.0	0.0	0.0	0.0
6169	0.0	1.0	0.0	0.0	0.0	0.0	0.0
6151	0.0	1.0	0.0	0.0	0.0	0.0	0.0
35070	0.0	1.0	0.0	0.0	0.0	0.0	0.0
11335	0.0	1.0	0.0	0.0	0.0	0.0	0.0
1106568	0.0	1.0	0.0	0.0	0.0	0.0	0.0
853118	0.0	1.0	0.0	0.0	0.0	0.0	0.0
1107067	0.0	1.0	0.0	0.0	0.0	0.0	0.0
753070	0.0	1.0	0.0	0.0	0.0	0.0	0.0
1153943	0.0	1.0	0.0	0.0	0.0	0.0	0.0
15984	0.0	1.0	0.0	0.0	0.0	0.0	0.0
211875	0.0	1.0	0.0	0.0	0.0	0.0	0.0
643199	0.0	1.0	0.0	0.0	0.0	0.0	0.0
335733	0.0	1.0	0.0	0.0	0.0	0.0	0.0
380341	0.0	0.99941117	6.14251E-8	0.0	5.887858E-4	0.0	0.0
60560	0.0	0.99941117	6.14251E-8	0.0	5.887858E-4	0.0	0.0
1131471	0.0	1.0	0.0	0.0	0.0	0.0	0.0
20942	0.0	1.0	0.0	0.0	0.0	0.0	0.0
40605	0.0	1.0	0.0	0.0	0.0	0.0	0.0
884094	0.0	1.0	0.0	0.0	0.0	0.0	0.0
74975	0.0	1.0	0.0	0.0	0.0	0.0	0.0
14430	0.0	1.0	0.0	0.0	0.0	0.0	0.0
976334	0.0	1.0	0.0	0.0	0.0	0.0	0.0
51879	0.0	1.0	0.0	0.0	0.0	0.0	0.0
646440	0.0	1.0	0.0	0.0	0.0	0.0	0.0
561581	0.0	1.0	0.0	0.0	0.0	0.0	0.0
253762	0.0	1.0	0.0	0.0	0.0	0.0	0.0
631052	0.0	0.8	0.2	0.0	0.0	0.0	0.0
310530	0.0	1.0	0.0	0.0	0.0	0.0	0.0
22386	0.0	1.0	0.0	0.0	0.0	0.0	0.0
63835	0.0	1.0	0.0	0.0	0.0	0.0	0.0
1154524	0.0	1.0	0.0	0.0	0.0	0.0	0.0
85452	0.0	1.0	0.0	0.0	0.0	0.0	0.0
578337	0.0	0.0	1.0	0.0	0.0	0.0	0.0
236759	0.0	0.0	1.0	0.0	0.0	0.0	0.0
1102407	0.0	1.0	0.0	0.0	0.0	0.0	0.0
1111240	0.0	1.0	0.0	0.0	0.0	0.0	0.0
193932	0.0	1.0	0.0	0.0	0.0	0.0	0.0
6784	0.0	1.0	0.0	0.0	0.0	0.0	0.0
632935	0.0	1.0	0.0	0.0	0.0	0.0	0.0
948147	0.0	1.0	0.0	0.0	0.0	0.0	0.0
20592	0.0	1.0	0.0	0.0	0.0	0.0	0.0
81722	0.0	1.0	0.0	0.0	0.0	0.0	0.0
1129573	0.0	1.0	0.0	0.0	0.0	0.0	0.0
286562	0.0	1.0	0.0	0.0	0.0	0.0	0.0
693143	0.0	0.0	0.0	0.0	1.0	0.0	0.0
82666	0.0	1.0	0.0	0.0	0.0	0.0	0.0
152227	0.0	1.0	0.0	0.0	0.0	0.0	0.0
987197	0.0	1.0	0.0	0.0	0.0	0.0	0.0
594649	0.0	1.0	0.0	0.0	0.0	0.0	0.0
593104	0.0	1.0	0.0	0.0	0.0	0.0	0.0
593942	0.0	1.0	0.0	0.0	0.0	0.0	0.0
1119140	0.0	1.0	0.0	0.0	0.0	0.0	0.0
1108728	0.0	1.0	0.0	0.0	0.0	0.0	0.0
35863	0.0	1.0	0.0	0.0	0.0	0.0	0.0
1139928	0.0	0.99503	0.0	0.0	0.004969983	0.0	0.0
593813	0.0	1.0	0.0	0.0	0.0	0.0	0.0
16451	0.0	1.0	0.0	0.0	0.0	0.0	0.0
12359	0.0	1.0	0.0	0.0	0.0	0.0	0.0
899119	0.0	1.0	0.0	0.0	0.0	0.0	0.0
13024	0.0	1.0	0.0	0.0	0.0	0.0	0.0
444191	0.0	1.0	0.0	0.0	0.0	0.0	0.0
17363	0.0	1.0	0.0	0.0	0.0	0.0	0.0
696345	0.0	0.0	1.0	0.0	0.0	0.0	0.0
1095507	0.0	1.0	0.0	0.0	0.0	0.0	0.0
181782	0.0	1.0	0.0	0.0	0.0	0.0	0.0
519353	0.0	1.0	0.0	0.0	0.0	0.0	0.0
91852	0.0	1.0	0.0	0.0	0.0	0.0	0.0
117328	0.0	1.0	0.0	0.0	0.0	0.0	0.0
552469	0.0	1.0	0.0	0.0	0.0	0.0	0.0
28389	0.0	1.0	0.0	0.0	0.0	0.0	0.0
3187	0.0	1.0	0.0	0.0	0.0	0.0	0.0
1128975	0.0	1.0	0.0	0.0	0.0	0.0	0.0
144701	0.0	1.0	0.0	0.0	0.0	0.0	0.0
55770	0.0	1.0	0.0	0.0	0.0	0.0	0.0
1114777	0.0	1.0	0.0	0.0	0.0	0.0	0.0
52835	0.0	1.0	0.0	0.0	0.0	0.0	0.0
385067	0.0	1.0	0.0	0.0	0.0	0.0	0.0
47570	0.0	1.0	0.0	0.0	0.0	0.0	0.0
11342	0.0	1.0	0.0	0.0	0.0	0.0	0.0
12347	0.0	1.0	0.0	0.0	0.0	0.0	0.0
15076	0.0	1.0	0.0	0.0	0.0	0.0	0.0
854434	0.0	1.0	0.0	0.0	0.0	0.0	0.0
108963	0.0	1.0	0.0	0.0	0.0	0.0	0.0
576973	0.0	1.0	0.0	0.0	0.0	0.0	0.0
145176	0.0	1.0	0.0	0.0	0.0	0.0	0.0
975567	0.0	1.0	0.0	0.0	0.0	0.0	0.0
1110998	0.0	1.0	0.0	0.0	0.0	0.0	0.0
368605	0.0	1.0	0.0	0.0	0.0	0.0	0.0
188318	0.0	1.0	0.0	0.0	0.0	0.0	0.0
34263	0.0	1.0	0.0	0.0	0.0	0.0	0.0
157761	0.0	1.0	0.0	0.0	0.0	0.0	0.0
155738	0.0	1.0	0.0	0.0	0.0	0.0	0.0
1107355	0.0	1.0	0.0	0.0	0.0	0.0	0.0
1118332	0.0	1.0	0.0	0.0	0.0	0.0	0.0
45605	0.0	1.0	0.0	0.0	0.0	0.0	0.0
1123087	0.0	1.0	0.0	0.0	0.0	0.0	0.0
94229	0.0	1.0	0.0	0.0	0.0	0.0	0.0
1131236	0.0	0.0	0.0	0.0	1.0	0.0	0.0
114308	0.0	1.0	0.0	0.0	0.0	0.0	0.0
206371	0.0	1.0	0.0	0.0	0.0	0.0	0.0
594543	0.0	1.0	0.0	0.0	0.0	0.0	0.0
358884	0.0	1.0	0.0	0.0	0.0	0.0	0.0
13212	0.0	1.0	0.0	0.0	0.0	0.0	0.0
72101	0.0	1.0	0.0	0.0	0.0	0.0	0.0
739816	0.0	1.0	0.0	0.0	0.0	0.0	0.0
1140548	0.0	1.0	0.0	0.0	0.0	0.0	0.0
111866	0.0	1.0	0.0	0.0	0.0	0.0	0.0
91038	0.0	1.0	0.0	0.0	0.0	0.0	0.0
1152421	0.0	1.0	0.0	0.0	0.0	0.0	0.0
1131734	0.0	1.0	0.0	0.0	0.0	0.0	0.0
162664	0.0	1.0	0.0	0.0	0.0	0.0	0.0
634902	0.0	1.0	0.0	0.0	0.0	0.0	0.0
101811	0.0	1.0	0.0	0.0	0.0	0.0	0.0
12558	0.0	1.0	0.0	0.0	0.0	0.0	0.0
15670	0.0	1.0	0.0	0.0	0.0	0.0	0.0
566488	0.0	1.0	0.0	0.0	0.0	0.0	0.0
28336	0.0	1.0	0.0	0.0	0.0	0.0	0.0
117315	0.0	1.0	0.0	0.0	0.0	0.0	0.0
66556	0.0	1.0	0.0	0.0	0.0	0.0	0.0
1114442	0.0	1.0	0.0	0.0	0.0	0.0	0.0
262108	0.0	1.0	0.0	0.0	0.0	0.0	0.0
390896	0.0	1.0	0.0	0.0	0.0	0.0	0.0
325314	0.0	0.0	1.0	0.0	0.0	0.0	0.0
1122704	0.0	0.0	1.0	0.0	0.0	0.0	0.0
1121063	0.0	1.0	0.0	0.0	0.0	0.0	0.0
166989	0.0	1.0	0.0	0.0	0.0	0.0	0.0
18615	0.0	1.0	0.0	0.0	0.0	0.0	0.0
45599	0.0	1.0	0.0	0.0	0.0	0.0	0.0
35335	0.0	1.0	0.0	0.0	0.0	0.0	0.0
59772	0.0	1.0	0.0	0.0	0.0	0.0	0.0
289885	0.0	1.0	0.0	0.0	0.0	0.0	0.0
1153899	0.0	1.0	0.0	0.0	0.0	0.0	0.0
44121	0.0	1.0	0.0	0.0	3.3518164E-9	0.0	0.0
1104435	0.0	1.0	0.0	0.0	3.3518164E-9	0.0	0.0
249858	0.0	1.0	0.0	0.0	0.0	0.0	0.0
64319	0.0	1.0	0.0	0.0	0.0	0.0	0.0
1131277	0.0	1.0	0.0	0.0	0.0	0.0	0.0
1112574	0.0	1.0	0.0	0.0	0.0	0.0	0.0
737204	0.0	1.0	0.0	0.0	0.0	0.0	0.0
162075	0.0	1.0	0.0	0.0	0.0	0.0	0.0
521183	0.0	1.0	0.0	0.0	0.0	0.0	0.0
300806	0.0	1.0	0.0	0.0	0.0	0.0	0.0
672064	0.0	1.0	0.0	0.0	0.0	0.0	0.0
74698	0.0	1.0	0.0	0.0	0.0	0.0	0.0
135464	0.0	0.3995965	0.4072597	0.0	0.19314378	0.0	0.0
75969	0.0	1.0	0.0	0.0	0.0	0.0	0.0
133566	0.0	1.0	0.0	0.0	0.0	0.0	0.0
593921	0.0	1.0	0.0	0.0	0.0	0.0	0.0
644843	0.0	0.0	0.0	0.0	1.0	0.0	0.0
1152761	0.0	1.0	0.0	0.0	0.0	0.0	0.0
263498	0.0	1.0	0.0	0.0	0.0	0.0	0.0
17477	0.0	1.0	0.0	0.0	0.0	0.0	0.0
54129	0.0	1.0	0.0	0.0	0.0	0.0	0.0
133553	0.0	1.0	0.0	0.0	0.0	0.0	0.0
51866	0.0	1.0	0.0	0.0	0.0	0.0	0.0
166420	0.0	1.0	0.0	0.0	0.0	0.0	0.0
28290	0.0	1.0	0.0	0.0	0.0	0.0	0.0
300071	0.0	1.0	0.0	0.0	0.0	0.0	0.0
523574	0.0	1.0	0.0	0.0	0.0	0.0	0.0
28265	0.0	1.0	0.0	0.0	0.0	0.0	0.0
1138091	0.0	1.0	0.0	0.0	0.0	0.0	0.0
941	0.0	1.0	0.0	0.0	0.0	0.0	0.0
940	0.0	1.0	0.0	0.0	0.0	0.0	0.0
103430	0.0	1.0	0.0	0.0	0.0	0.0	0.0
4878	0.0	1.0	0.0	0.0	0.0	0.0	0.0
733167	0.0	1.0	0.0	0.0	0.0	0.0	0.0
755217	0.0	1.0	0.0	0.0	0.0	0.0	0.0
1115701	0.0	1.0	0.0	0.0	0.0	0.0	0.0
278394	0.0	0.6	0.2	0.0	0.2	0.0	0.0
627024	0.0	0.6	0.2	0.0	0.2	0.0	0.0
1115959	0.0	1.0	0.0	0.0	0.0	0.0	0.0
13654	0.0	1.0	0.0	0.0	0.0	0.0	0.0
49847	0.0	1.0	0.0	0.0	0.0	0.0	0.0
38829	0.0	1.0	0.0	0.0	0.0	0.0	0.0
1107010	0.0	1.0	0.0	0.0	0.0	0.0	0.0
1120211	0.0	1.0	0.0	0.0	0.0	0.0	0.0
30817	0.0	1.0	0.0	0.0	0.0	0.0	0.0
253971	0.0	1.0	0.0	0.0	0.0	0.0	0.0
44514	0.0	1.0	0.0	0.0	0.0	0.0	0.0
9581	0.0	1.0	0.0	0.0	0.0	0.0	0.0
573964	0.0	1.0	0.0	0.0	0.0	0.0	0.0
696346	0.0	0.0	1.0	0.0	0.0	0.0	0.0
152731	0.0	1.0	0.0	0.0	0.0	0.0	0.0
134307	0.0	1.0	0.0	0.0	0.0	0.0	0.0
60170	0.0	1.0	0.0	0.0	0.0	0.0	0.0
193931	0.0	1.0	0.0	0.0	0.0	0.0	0.0
46431	0.0	1.0	0.0	0.0	0.0	0.0	0.0
1105887	0.0	1.0	0.0	0.0	0.0	0.0	0.0
75121	0.0	1.0	0.0	0.0	0.0	0.0	0.0
1106406	0.0	1.0	0.0	0.0	0.0	0.0	0.0
23774	0.0	1.0	0.0	0.0	0.0	0.0	0.0
18811	0.0	1.0	0.0	0.0	0.0	0.0	0.0
1112686	0.0	1.0	0.0	0.0	0.0	0.0	0.0
1153106	0.0	1.0	0.0	0.0	0.0	0.0	0.0
1108389	0.0	1.0	0.0	0.0	0.0	0.0	0.0
633081	0.0	1.0	0.0	0.0	0.0	0.0	0.0
310653	0.0	1.0	0.0	0.0	0.0	0.0	0.0
43639	0.0	0.0	0.39958748	0.0	0.60041255	0.0	0.0
469504	0.0	0.0	0.39958748	0.0	0.60041255	0.0	0.0
28487	0.0	1.0	0.0	0.0	0.0	0.0	0.0
1153056	0.0	1.0	0.0	0.0	0.0	0.0	0.0
1120650	0.0	1.0	0.0	0.0	0.0	0.0	0.0
265203	0.0	1.0	0.0	0.0	0.0	0.0	0.0
140005	0.0	1.0	0.0	0.0	0.0	0.0	0.0
66982	0.0	1.0	0.0	0.0	0.0	0.0	0.0
612306	0.0	1.0	0.0	0.0	0.0	0.0	0.0
1153287	0.0	0.0	0.0	0.0	1.0	0.0	0.0
987188	0.0	1.0	0.0	0.0	0.0	0.0	0.0
118873	0.0	1.0	0.0	0.0	0.0	0.0	0.0
41417	0.0	1.0	0.0	0.0	0.0	0.0	0.0
1107215	0.0	1.0	0.0	0.0	0.0	0.0	0.0
6939	0.0	1.0	0.0	0.0	0.0	0.0	0.0
1116922	0.0	1.0	0.0	0.0	0.0	0.0	0.0
70442	0.0	1.0	0.0	0.0	0.0	0.0	0.0
100701	0.0	1.0	0.0	0.0	0.0	0.0	0.0
1107041	0.0	1.0	0.0	0.0	0.0	0.0	0.0
95188	0.0	1.0	0.0	0.0	0.0	0.0	0.0
513189	0.0	1.0	0.0	0.0	0.0	0.0	0.0
46547	0.0	1.0	0.0	0.0	0.0	0.0	0.0
1154229	0.0	1.0	0.0	0.0	0.0	0.0	0.0
280876	0.0	1.0	0.0	0.0	0.0	0.0	0.0
948846	0.0	1.0	0.0	0.0	0.0	0.0	0.0
83449	0.0	1.0	0.0	0.0	0.0	0.0	0.0
560936	0.0	1.0	0.0	0.0	0.0	0.0	0.0
562123	0.0	1.0	0.0	0.0	0.0	0.0	0.0
240321	0.0	1.0	0.0	0.0	0.0	0.0	0.0
563613	0.0	1.0	0.0	0.0	0.0	0.0	0.0
78511	0.0	1.0	0.0	0.0	0.0	0.0	0.0
1124844	0.0	1.0	0.0	0.0	0.0	0.0	0.0
16485	0.0	1.0	0.0	0.0	0.0	0.0	0.0
1112106	0.0	1.0	0.0	0.0	0.0	0.0	0.0
1113182	0.0	1.0	0.0	0.0	0.0	0.0	0.0
395547	0.0	1.0	0.0	0.0	0.0	0.0	0.0
27241	0.0	1.0	0.0	0.0	0.0	0.0	0.0
99023	0.0	0.0	1.0	0.0	0.0	0.0	0.0
395553	0.0	1.0	0.0	0.0	0.0	0.0	0.0
684972	0.0	1.0	0.0	0.0	0.0	0.0	0.0
672070	0.0	1.0	0.0	0.0	0.0	0.0	0.0
1154123	0.0	1.0	0.0	0.0	0.0	0.0	0.0
1128856	0.0	1.0	0.0	0.0	0.0	0.0	0.0
167656	0.0	1.0	0.0	0.0	0.0	0.0	0.0
31769	0.0	1.0	0.0	0.0	0.0	0.0	0.0
67245	0.0	1.0	0.0	0.0	0.0	0.0	0.0
917493	0.0	1.0	0.0	0.0	0.0	0.0	0.0
683360	0.0	1.0	0.0	0.0	0.0	0.0	0.0
683404	0.0	1.0	0.0	0.0	0.0	0.0	0.0
949318	0.0	1.0	0.0	0.0	0.0	0.0	0.0
39474	0.0	1.0	0.0	0.0	0.0	0.0	0.0
1103960	0.0	1.0	0.0	0.0	0.0	0.0	0.0
509233	0.0	1.0	0.0	0.0	0.0	0.0	0.0
1136631	0.0	1.0	0.0	0.0	0.0	0.0	0.0
767763	0.0	1.0	0.0	0.0	0.0	0.0	0.0
67246	0.0	1.0	0.0	0.0	0.0	0.0	0.0
6378	0.0	1.0	0.0	0.0	0.0	0.0	0.0
36140	0.0	1.0	0.0	0.0	0.0	0.0	0.0
323128	0.0	1.0	0.0	0.0	0.0	0.0	0.0
738941	0.0	1.0	0.0	0.0	0.0	0.0	0.0
330148	0.0	1.0	0.0	0.0	0.0	0.0	0.0
39904	0.0	1.0	0.0	0.0	0.0	0.0	0.0
22835	0.0	1.0	0.0	0.0	0.0	0.0	0.0
7032	0.0	1.0	0.0	0.0	0.0	0.0	0.0
66782	0.0	1.0	0.0	0.0	0.0	0.0	0.0
1105505	0.0	1.0	0.0	0.0	0.0	0.0	0.0
1113541	0.0	1.0	0.0	0.0	0.0	0.0	0.0
242637	0.0	1.0	0.0	0.0	0.0	0.0	0.0
3112	0.0	1.0	0.0	0.0	0.0	0.0	0.0
103529	0.0	1.0	0.0	0.0	0.0	0.0	0.0
1127863	0.0	1.0	0.0	0.0	0.0	0.0	0.0
20857	0.0	1.0	0.0	0.0	0.0	0.0	0.0
294030	0.0	1.0	0.0	0.0	0.0	0.0	0.0
20924	0.0	1.0	0.0	0.0	0.0	0.0	0.0
645870	0.0	0.0	0.0	0.0	1.0	0.0	0.0
206259	0.0	1.0	0.0	0.0	0.0	0.0	0.0
37541	0.0	1.0	0.0	0.0	0.0	0.0	0.0
1118120	0.0	1.0	0.0	0.0	0.0	0.0	0.0
1114526	0.0	1.0	0.0	0.0	0.0	0.0	0.0
62607	0.0	1.0	0.0	0.0	0.0	0.0	0.0
294145	0.0	1.0	0.0	0.0	0.0	0.0	0.0
128202	0.0	1.0	0.0	0.0	0.0	0.0	0.0
128203	0.0	1.0	0.0	0.0	0.0	0.0	0.0
248823	0.0	1.0	0.0	0.0	0.0	0.0	0.0
39130	0.0	1.0	0.0	0.0	0.0	0.0	0.0
20534	0.0	1.0	0.0	0.0	0.0	0.0	0.0
135130	0.0	1.0	0.0	0.0	0.0	0.0	0.0
109323	0.0	1.0	0.0	0.0	0.0	0.0	0.0
35343	0.0	1.0	0.0	0.0	0.0	0.0	0.0
1105221	0.0	1.0	0.0	0.0	0.0	0.0	0.0
1106849	0.0	1.0	0.0	0.0	0.0	0.0	0.0
1717	0.0	1.0	0.0	0.0	0.0	0.0	0.0
654177	0.0	1.0	0.0	0.0	0.0	0.0	0.0
641956	0.0	1.0	0.0	0.0	0.0	0.0	0.0
1108363	0.0	1.0	0.0	0.0	0.0	0.0	0.0
129045	0.0	1.0	0.0	0.0	0.0	0.0	0.0
187260	0.0	1.0	0.0	0.0	1.2170633E-9	0.0	0.0
1110950	0.0	1.0	0.0	0.0	1.2170633E-9	0.0	0.0
1155073	0.0	1.0	0.0	0.0	0.0	0.0	0.0
645088	0.0	1.0	0.0	0.0	0.0	0.0	0.0
129042	0.0	1.0	0.0	0.0	0.0	0.0	0.0
1120962	0.0	1.0	0.0	0.0	0.0	0.0	0.0
521207	0.0	1.0	0.0	0.0	0.0	0.0	0.0
1153736	0.0	1.0	0.0	0.0	0.0	0.0	0.0
95594	0.0	0.33333334	0.0	0.0	0.6666667	0.0	0.0
1153703	0.0	1.0	0.0	0.0	0.0	0.0	0.0
20920	0.0	1.0	0.0	0.0	0.0	0.0	0.0
18815	0.0	1.0	0.0	0.0	0.0	0.0	0.0
1131164	0.0	0.0	0.0	0.0	1.0	0.0	0.0
642621	0.0	0.0	0.0	0.0	1.0	0.0	0.0
733534	0.0	1.0	0.0	0.0	0.0	0.0	0.0
568857	0.0	1.0	0.0	0.0	0.0	0.0	0.0
576362	0.0	1.0	0.0	0.0	0.0	0.0	0.0
561613	0.0	1.0	0.0	0.0	0.0	0.0	0.0
1153195	0.0	1.0	0.0	0.0	0.0	0.0	0.0
231198	0.0	1.0	0.0	0.0	0.0	0.0	0.0
116021	0.0	1.0	0.0	0.0	0.0	0.0	0.0
74921	0.0	1.0	0.0	0.0	0.0	0.0	0.0
74937	0.0	1.0	0.0	0.0	0.0	0.0	0.0
11325	0.0	1.0	0.0	0.0	0.0	0.0	0.0
1104851	0.0	1.0	0.0	0.0	0.0	0.0	0.0
27243	0.0	1.0	0.0	0.0	0.0	0.0	0.0
950305	0.0	1.0	0.0	0.0	0.0	0.0	0.0
24476	0.0	1.0	0.0	0.0	0.0	0.0	0.0
75674	0.0	1.0	0.0	0.0	0.0	0.0	0.0
686015	0.0	1.0	0.0	0.0	0.0	0.0	0.0
6130	0.0	1.0	0.0	0.0	0.0	0.0	0.0
1154124	0.0	1.0	0.0	0.0	0.0	0.0	0.0
1112319	0.0	1.0	0.0	0.0	0.0	0.0	0.0
590022	0.0	1.0	0.0	0.0	0.0	0.0	0.0
763181	0.0	1.0	0.0	0.0	0.0	0.0	0.0
15889	0.0	1.0	0.0	0.0	0.0	0.0	0.0
675756	0.0	1.0	0.0	0.0	0.0	0.0	0.0
1106789	0.0	1.0	0.0	0.0	0.0	0.0	0.0
6786	0.0	1.0	0.0	0.0	0.0	0.0	0.0
133628	0.0	1.0	0.0	0.0	0.0	0.0	0.0
1108570	0.0	1.0	0.0	0.0	0.0	0.0	0.0
1105344	0.0	1.0	0.0	0.0	0.0	0.0	0.0
1117618	0.0	1.0	0.0	0.0	0.0	0.0	0.0
1152714	0.0	1.0	0.0	0.0	0.0	0.0	0.0
5194	0.0	1.0	0.0	0.0	0.0	0.0	0.0
145134	0.0	1.0	0.0	0.0	0.0	0.0	0.0
74920	0.0	1.0	0.0	0.0	0.0	0.0	0.0
193742	0.0	1.0	0.0	0.0	0.0	0.0	0.0
531348	0.0	1.0	0.0	0.0	0.0	0.0	0.0
63915	0.0	1.0	0.0	0.0	0.0	0.0	0.0
38000	0.0	1.0	0.0	0.0	0.0	0.0	0.0
8821	0.0	1.0	0.0	0.0	0.0	0.0	0.0
1153811	0.0	1.0	0.0	0.0	0.0	0.0	0.0
118682	0.0	1.0	0.0	0.0	0.0	0.0	0.0
1130637	0.0	1.0	0.0	0.0	0.0	0.0	0.0
632796	0.0	1.0	0.0	0.0	0.0	0.0	0.0
1107062	0.0	1.0	0.0	0.0	0.0	0.0	0.0
216877	0.0	1.0	0.0	0.0	0.0	0.0	0.0
1035	0.0	1.0	0.0	0.0	0.0	0.0	0.0
1152633	0.0	1.0	0.0	0.0	0.0	0.0	0.0
22564	0.0	1.0	0.0	0.0	0.0	0.0	0.0
1105428	0.0	1.0	0.0	0.0	0.0	0.0	0.0
245288	0.0	1.0	0.0	0.0	0.0	0.0	0.0
158172	0.0	1.0	0.0	0.0	0.0	0.0	0.0
1109439	0.0	1.0	0.0	0.0	0.0	0.0	0.0
431206	0.0	1.0	0.0	0.0	0.0	0.0	0.0
67584	0.0	1.0	0.0	0.0	0.0	0.0	0.0
562067	0.0	1.0	0.0	0.0	0.0	0.0	0.0
39131	0.0	1.0	0.0	0.0	0.0	0.0	0.0
1105033	0.0	1.0	0.0	0.0	0.0	0.0	0.0
943087	0.0	1.0	0.0	0.0	0.0	0.0	0.0
325497	0.0	1.0	0.0	0.0	0.0	0.0	0.0
1136791	0.0	1.0	0.0	0.0	0.0	0.0	0.0
593240	0.0	1.0	0.0	0.0	0.0	0.0	0.0
1103031	0.0	1.0	0.0	0.0	0.0	0.0	0.0
594387	0.0	1.0	0.0	0.0	0.0	0.0	0.0
96851	0.0	1.0	0.0	0.0	0.0	0.0	0.0
1153877	0.0	1.0	0.0	0.0	0.0	0.0	0.0
262121	0.0	1.0	0.0	0.0	0.0	0.0	0.0
592973	0.0	1.0	0.0	0.0	0.0	0.0	0.0
48781	0.0	1.0	0.0	0.0	0.0	0.0	0.0
1104191	1.4571785E-7	0.9999986	1.2134047E-8	1.4571785E-7	8.848459E-7	1.4571785E-7	1.4571785E-7
38771	1.4571785E-7	0.9999986	1.2134047E-8	1.4571785E-7	8.848459E-7	1.4571785E-7	1.4571785E-7
58436	0.0	1.0	0.0	0.0	0.0	0.0	0.0
654339	0.0	1.0	0.0	0.0	0.0	0.0	0.0
1152991	0.0	0.0	0.0	0.0	1.0	0.0	0.0
16843	0.0	0.0	0.0	0.0	1.0	0.0	0.0
6196	0.0	1.0	0.0	0.0	0.0	0.0	0.0
682815	0.0	1.0	0.0	0.0	0.0	0.0	0.0
1131167	0.0	0.0	0.0	0.0	1.0	0.0	0.0
63812	0.0	1.0	0.0	0.0	0.0	0.0	0.0
1121057	0.0	1.0	0.0	0.0	0.0	0.0	0.0
1110426	0.0	1.0	0.0	0.0	0.0	0.0	0.0
51049	0.0	1.0	0.0	0.0	0.0	0.0	0.0
617575	3.2952833E-8	0.99810106	1.6892756E-5	3.2952833E-8	0.0018820106	3.2952833E-8	3.2952833E-8
1130080	3.2952833E-8	0.99810106	1.6892756E-5	3.2952833E-8	0.0018820106	3.2952833E-8	3.2952833E-8
70441	0.0	1.0	0.0	0.0	0.0	0.0	0.0
22566	0.0	1.0	0.0	0.0	0.0	0.0	0.0
161221	0.0	1.0	0.0	0.0	0.0	0.0	0.0
416455	0.0	1.0	0.0	0.0	0.0	0.0	0.0
149669	0.0	1.0	0.0	0.0	0.0	0.0	0.0
1119671	0.0	1.0	0.0	0.0	0.0	0.0	0.0
2663	0.0	1.0	0.0	0.0	0.0	0.0	0.0
135798	0.0	1.0	0.0	0.0	0.0	0.0	0.0
1108656	0.0	1.0	0.0	0.0	0.0	0.0	0.0
559804	0.0	1.0	0.0	0.0	0.0	0.0	0.0
189655	0.0	1.0	0.0	0.0	0.0	0.0	0.0
1117249	0.0	1.0	0.0	0.0	0.0	0.0	0.0
1111899	0.0	1.0	0.0	0.0	0.0	0.0	0.0
101660	0.0	1.0	0.0	0.0	0.0	0.0	0.0
1128945	0.0	1.0	0.0	0.0	0.0	0.0	0.0
95586	0.0	0.77470535	0.0	0.0	0.22529462	0.0	0.0
1107572	0.0	1.0	0.0	0.0	0.0	0.0	0.0
59715	0.0	1.0	0.0	0.0	0.0	0.0	0.0
1105531	0.0	1.0	0.0	0.0	0.0	0.0	0.0
1108050	0.0	0.33333334	0.0	0.0	0.6666667	0.0	0.0
1112929	0.0	1.0	0.0	0.0	0.0	0.0	0.0
27230	0.0	1.0	0.0	0.0	0.0	0.0	0.0
608191	0.0	1.0	0.0	0.0	0.0	0.0	0.0
650834	0.0	1.0	0.0	0.0	0.0	0.0	0.0
1136342	0.0	1.0	0.0	0.0	0.0	0.0	0.0
261040	0.0	1.0	0.0	0.0	0.0	0.0	0.0
98693	0.0	1.0	0.0	0.0	0.0	0.0	0.0
574710	0.0	1.0	0.0	0.0	0.0	0.0	0.0
429781	0.0	1.0	0.0	0.0	0.0	0.0	0.0
212107	6.912845E-10	1.0	0.0	2.6838298E-10	0.0	6.4775885E-10	1.5771111E-9
1112071	6.912845E-10	1.0	0.0	2.6838298E-10	0.0	6.4775885E-10	1.5771111E-9
561568	0.0	1.0	0.0	0.0	0.0	0.0	0.0
23546	0.0	1.0	0.0	0.0	0.0	0.0	0.0
164	0.0	1.0	0.0	0.0	0.0	0.0	0.0
23545	0.0	1.0	0.0	0.0	0.0	0.0	0.0
18582	0.0	1.0	0.0	0.0	0.0	0.0	0.0
626574	0.0	1.0	0.0	0.0	0.0	0.0	0.0
626530	0.0	1.0	0.0	0.0	0.0	0.0	0.0
626531	0.0	1.0	0.0	0.0	0.0	0.0	0.0
782486	0.0	1.0	0.0	0.0	0.0	0.0	0.0
28491	0.0	1.0	0.0	0.0	0.0	0.0	0.0
98698	0.0	1.0	0.0	0.0	0.0	0.0	0.0
1153900	0.0	1.0	0.0	0.0	0.0	0.0	0.0
13269	0.0	1.0	0.0	0.0	0.0	0.0	0.0
1129243	0.0	1.0	0.0	0.0	0.0	0.0	0.0
66794	0.0	1.0	0.0	0.0	0.0	0.0	0.0
308920	0.0	1.0	0.0	0.0	0.0	0.0	0.0
17821	0.0	1.0	0.0	0.0	3.522012E-9	0.0	0.0
245955	0.0	1.0	0.0	0.0	3.522012E-9	0.0	0.0
307656	0.0	1.0	0.0	0.0	0.0	0.0	0.0
270085	0.0	1.0	0.0	0.0	0.0	0.0	0.0
1133004	0.0	0.0	0.017785804	0.0	0.9822142	0.0	0.0
1153031	0.0	1.0	0.0	0.0	0.0	0.0	0.0
646809	0.0	1.0	0.0	0.0	0.0	0.0	0.0
1154076	0.0	1.0	0.0	0.0	0.0	0.0	0.0
976284	0.0	1.0	0.0	0.0	0.0	0.0	0.0
182093	0.0	1.0	0.0	0.0	0.0	0.0	0.0
346243	0.0	1.0	0.0	0.0	0.0	0.0	0.0
1153879	0.0	1.0	0.0	0.0	0.0	0.0	0.0
12197	0.0	1.0	0.0	0.0	0.0	0.0	0.0
20972	0.0	1.0	0.0	0.0	0.0	0.0	0.0
272720	0.0	1.0	0.0	0.0	0.0	0.0	0.0
762980	0.0	1.0	0.0	0.0	0.0	0.0	0.0
1136447	0.0	1.0	0.0	0.0	0.0	0.0	0.0
1135589	0.0	0.9989913	3.6346156E-4	0.0	6.452567E-4	0.0	0.0
733576	0.0	1.0	0.0	0.0	0.0	0.0	0.0
593068	0.0	1.0	0.0	0.0	0.0	0.0	0.0
1120866	0.0	1.0	0.0	0.0	0.0	0.0	0.0
8961	0.0	1.0	0.0	0.0	0.0	0.0	0.0
1133390	0.0	1.0	0.0	0.0	0.0	0.0	0.0
34082	0.0	1.0	0.0	0.0	0.0	0.0	0.0
18832	0.0	1.0	0.0	0.0	0.0	0.0	0.0
148341	0.0	1.0	0.0	0.0	0.0	0.0	0.0
1131116	0.0	1.0	0.0	0.0	0.0	0.0	0.0
148170	0.0	1.0	0.0	0.0	0.0	0.0	0.0
81350	0.0	1.0	0.0	0.0	0.0	0.0	0.0
27531	0.0	1.0	0.0	0.0	0.0	0.0	0.0
1106370	0.0	1.0	0.0	0.0	0.0	0.0	0.0
642827	0.0	1.0	0.0	0.0	0.0	0.0	0.0
578649	0.0	1.0	0.0	0.0	0.0	0.0	0.0
578650	0.0	1.0	0.0	0.0	0.0	0.0	0.0
1114192	0.0	0.0	0.0	0.0	1.0	0.0	0.0
66990	0.0	1.0	0.0	0.0	0.0	0.0	0.0
1152490	0.0	1.0	0.0	0.0	0.0	0.0	0.0
644470	0.0	0.0	0.0	0.0	1.0	0.0	0.0
39403	0.0	1.0	0.0	0.0	0.0	0.0	0.0
119686	0.0	1.0	0.0	0.0	0.0	0.0	0.0
1126012	0.0	1.0	0.0	0.0	0.0	0.0	0.0
168958	0.0	0.99999964	0.0	0.0	3.681892E-7	0.0	0.0
372862	0.0	1.0	0.0	0.0	0.0	0.0	0.0
42847	0.0	1.0	0.0	0.0	0.0	0.0	0.0
73327	0.0	1.0	0.0	0.0	0.0	0.0	0.0
42848	0.0	1.0	0.0	0.0	0.0	0.0	0.0
63549	0.0	1.0	0.0	0.0	0.0	0.0	0.0
270456	0.0	1.0	0.0	0.0	0.0	0.0	0.0
88356	0.0	1.0	0.0	0.0	0.0	0.0	0.0
1153728	0.0	1.0	0.0	0.0	0.0	0.0	0.0
1108597	0.0	1.0	0.0	0.0	0.0	0.0	0.0
1153275	0.0	1.0	0.0	0.0	0.0	0.0	0.0
46501	0.0	1.0	0.0	0.0	0.0	0.0	0.0
1120858	0.0	0.33333334	0.0	0.0	0.6666667	0.0	0.0
523010	0.0	1.0	0.0	0.0	0.0	0.0	0.0
8594	0.0	1.0	0.0	0.0	0.0	0.0	0.0
1128997	0.0	1.0	0.0	0.0	0.0	0.0	0.0
1116835	0.0	1.0	0.0	0.0	0.0	0.0	0.0
41216	0.0	1.0	0.0	0.0	0.0	0.0	0.0
1125469	0.0	1.0	0.0	0.0	0.0	0.0	0.0
7430	0.0	0.13735269	0.0	0.0	0.8626473	0.0	0.0
145384	0.0	0.13735269	0.0	0.0	0.8626473	0.0	0.0
25413	0.0	1.0	0.0	0.0	0.0	0.0	0.0
1102751	0.0	1.0	0.0	0.0	0.0	0.0	0.0
38839	0.0	1.0	0.0	0.0	0.0	0.0	0.0
101662	0.0	1.0	0.0	0.0	0.0	0.0	0.0
67633	0.0	1.0	0.0	0.0	0.0	0.0	0.0
379288	0.0	1.0	0.0	0.0	0.0	0.0	0.0
642593	0.0	1.0	0.0	0.0	1.9534209E-8	0.0	0.0
1131163	0.0	1.0	0.0	0.0	1.9534209E-8	0.0	0.0
139865	0.0	1.0	0.0	0.0	0.0	0.0	0.0
118079	0.0	1.0	0.0	0.0	0.0	0.0	0.0
40135	0.0	1.0	0.0	0.0	0.0	0.0	0.0
40131	0.0	1.0	0.0	0.0	0.0	0.0	0.0
229635	0.0	1.0	0.0	0.0	0.0	0.0	0.0
90470	0.0	1.0	0.0	0.0	0.0	0.0	0.0
189566	0.0	1.0	0.0	0.0	0.0	0.0	0.0
1123553	0.0	1.0	0.0	0.0	0.0	0.0	0.0
299197	0.0	1.0	0.0	0.0	0.0	0.0	0.0
264347	0.0	1.0	0.0	0.0	0.0	0.0	0.0
1153183	0.0	1.0	0.0	0.0	0.0	0.0	0.0
12638	0.0	1.0	0.0	0.0	0.0	0.0	0.0
94713	0.0	1.0	0.0	0.0	0.0	0.0	0.0
118559	0.0	1.0	0.0	0.0	0.0	0.0	0.0
1120777	0.0	1.0	0.0	0.0	0.0	0.0	0.0
400356	0.0	1.0	0.0	0.0	0.0	0.0	0.0
44368	0.0	1.0	0.0	0.0	0.0	0.0	0.0
1131464	0.0	1.0	0.0	0.0	0.0	0.0	0.0
459206	0.0	1.0	0.0	0.0	0.0	0.0	0.0
198653	0.0	1.0	0.0	0.0	0.0	0.0	0.0
1130780	0.0	1.0	0.0	0.0	0.0	0.0	0.0
28230	0.0	1.0	0.0	0.0	0.0	0.0	0.0
117316	0.0	1.0	0.0	0.0	0.0	0.0	0.0
1130678	0.0	1.0	0.0	0.0	9.076816E-11	0.0	0.0
523394	0.0	1.0	0.0	0.0	0.0	0.0	0.0
1109208	0.0	1.0	0.0	0.0	0.0	0.0	0.0
1111304	0.0	1.0	0.0	0.0	0.0	0.0	0.0
238099	0.0	1.0	0.0	0.0	0.0	0.0	0.0
649731	0.0	1.0	0.0	0.0	0.0	0.0	0.0
646836	0.0	1.0	0.0	0.0	0.0	0.0	0.0
1129106	0.0	1.0	0.0	0.0	0.0	0.0	0.0
5064	0.0	1.0	0.0	0.0	0.0	0.0	0.0
1104261	0.0	1.0	0.0	0.0	0.0	0.0	0.0
1132505	0.0	1.0	0.0	0.0	0.0	0.0	0.0
675847	0.0	1.0	0.0	0.0	0.0	0.0	0.0
1110563	0.0	1.0	0.0	0.0	0.0	0.0	0.0
179180	0.0	1.0	0.0	0.0	0.0	0.0	0.0
463825	0.0	1.0	0.0	0.0	0.0	0.0	0.0
49811	0.0	1.0	0.0	0.0	0.0	0.0	0.0
631015	0.0	1.0	0.0	0.0	0.0	0.0	0.0
58540	0.0	1.0	0.0	0.0	0.0	0.0	0.0
51045	0.0	1.0	0.0	0.0	0.0	0.0	0.0
335042	0.0	1.0	0.0	0.0	0.0	0.0	0.0
1117653	0.0	1.0	0.0	0.0	0.0	0.0	0.0
1152075	0.0	1.0	0.0	0.0	0.0	0.0	0.0
152226	0.0	1.0	0.0	0.0	0.0	0.0	0.0
626999	0.0	0.0	0.0	0.0	1.0	0.0	0.0
1131374	0.0	1.0	0.0	0.0	0.0	0.0	0.0
14428	0.0	1.0	0.0	0.0	0.0	0.0	0.0
1130568	0.0	1.0	0.0	0.0	0.0	0.0	0.0
139547	0.0	0.0	0.0	0.0	1.0	0.0	0.0
110162	0.0	1.0	0.0	0.0	0.0	0.0	0.0
135765	0.0	1.0	0.0	0.0	0.0	0.0	0.0
646195	0.0	0.5	0.0	0.0	0.5	0.0	0.0
56709	0.0	1.0	0.0	0.0	0.0	0.0	0.0
56708	0.0	1.0	0.0	0.0	0.0	0.0	0.0
400455	0.0	0.9999995	5.168674E-7	0.0	1.0892013E-8	0.0	0.0
368657	0.0	0.9999995	5.168674E-7	0.0	1.0892013E-8	0.0	0.0
1120170	0.0	1.0	0.0	0.0	0.0	0.0	0.0
72908	0.0	1.0	0.0	0.0	0.0	0.0	0.0
1132857	0.0	1.0	0.0	0.0	0.0	0.0	0.0
198866	0.0	1.0	0.0	0.0	0.0	0.0	0.0
175576	0.0	1.0	0.0	0.0	0.0	0.0	0.0
5600	0.0	1.0	0.0	0.0	0.0	0.0	0.0
77826	0.0	1.0	0.0	0.0	0.0	0.0	0.0
74700	0.0	1.0	0.0	0.0	0.0	0.0	0.0
1118388	0.0	1.0	0.0	0.0	0.0	0.0	0.0
166825	0.0	1.0	0.0	0.0	0.0	0.0	0.0
1128425	0.0	0.25	0.75	0.0	0.0	0.0	0.0
213279	0.0	1.0	0.0	0.0	0.0	0.0	0.0
574009	0.0	1.0	0.0	0.0	0.0	0.0	0.0
1132968	0.0	0.2	0.6	0.0	0.2	0.0	0.0
1117476	0.0	1.0	0.0	0.0	0.0	0.0	0.0
390894	0.0	1.0	0.0	0.0	0.0	0.0	0.0
93755	0.0	1.0	0.0	0.0	0.0	0.0	0.0
446271	0.0	1.0	0.0	0.0	0.0	0.0	0.0
1120643	0.0	1.0	0.0	0.0	0.0	0.0	0.0
175256	0.0	1.0	0.0	0.0	0.0	0.0	0.0
3084	0.0	1.0	0.0	0.0	0.0	0.0	0.0
1107171	0.0	1.0	0.0	0.0	0.0	0.0	0.0
87482	0.0	1.0	0.0	0.0	0.0	0.0	0.0
1117786	0.0	1.0	0.0	0.0	0.0	0.0	0.0
18773	0.0	1.0	0.0	0.0	0.0	0.0	0.0
13195	0.0	1.0	0.0	0.0	0.0	0.0	0.0
1105062	0.0	1.0	0.0	0.0	0.0	0.0	0.0
1125993	0.0	1.0	0.0	0.0	0.0	0.0	0.0
521269	0.0	1.0	0.0	0.0	0.0	0.0	0.0
5069	0.0	1.0	0.0	0.0	0.0	0.0	0.0
14531	0.0	1.0	0.0	0.0	0.0	0.0	0.0
14431	0.0	1.0	0.0	0.0	0.0	0.0	0.0
134315	0.0	1.0	0.0	0.0	0.0	0.0	0.0
23069	0.0	1.0	0.0	0.0	0.0	0.0	0.0
1135137	0.0	1.0	0.0	0.0	0.0	0.0	0.0
1153166	0.0	1.0	0.0	0.0	0.0	0.0	0.0
350362	0.0	1.0	0.0	0.0	0.0	0.0	0.0
689439	0.0	1.0	0.0	0.0	0.0	0.0	0.0
68495	0.0	1.0	0.0	0.0	0.0	0.0	0.0
641976	0.0	1.0	0.0	0.0	0.0	0.0	0.0
44017	0.0	1.0	0.0	0.0	0.0	0.0	0.0
48555	0.0	1.0	0.0	0.0	0.0	0.0	0.0
75691	0.0	0.5	0.5	0.0	0.0	0.0	0.0
1131150	0.0	1.0	0.0	0.0	0.0	0.0	0.0
217984	0.0	1.0	0.0	0.0	0.0	0.0	0.0
1112369	0.0	1.0	0.0	0.0	0.0	0.0	0.0
1153860	0.0	1.0	0.0	0.0	0.0	0.0	0.0
307336	0.0	1.0	0.0	0.0	0.0	0.0	0.0
645084	0.0	1.0	0.0	0.0	0.0	0.0	0.0
1120444	0.0	1.0	0.0	0.0	0.0	0.0	0.0
14549	0.0	1.0	0.0	0.0	0.0	0.0	0.0
14545	0.0	1.0	0.0	0.0	0.0	0.0	0.0
131315	0.0	0.9999996	0.0	0.0	4.3103415E-7	0.0	0.0
70520	0.0	1.0	0.0	0.0	0.0	0.0	0.0
36167	0.0	1.0	0.0	0.0	0.0	0.0	0.0
645046	0.0	0.0	0.0	0.0	1.0	0.0	0.0
1153065	0.0	1.0	0.0	0.0	0.0	0.0	0.0
218410	0.0	1.0	0.0	0.0	0.0	0.0	0.0
1152663	0.0	1.0	0.0	0.0	0.0	0.0	0.0
1121254	0.0	1.0	0.0	0.0	0.0	0.0	0.0
51831	0.0	1.0	0.0	0.0	0.0	0.0	0.0
1112417	0.0	1.0	0.0	0.0	1.3702244E-10	0.0	0.0
219218	0.0	1.0	0.0	0.0	1.3702244E-10	0.0	0.0
67292	0.0	1.0	0.0	0.0	0.0	0.0	0.0
334153	0.0	1.0	0.0	0.0	0.0	0.0	0.0
1108551	0.0	1.0	0.0	0.0	0.0	0.0	0.0
1153101	0.0	1.0	0.0	0.0	0.0	0.0	0.0
17488	0.0	1.0	0.0	0.0	0.0	0.0	0.0
1103162	0.0	1.0	0.0	0.0	0.0	0.0	0.0
66596	0.0	1.0	0.0	0.0	0.0	0.0	0.0
919885	0.0	1.0	0.0	0.0	0.0	0.0	0.0
851968	0.0	0.0	1.0	0.0	0.0	0.0	0.0
1109392	0.0	1.0	0.0	0.0	0.0	0.0	0.0
242663	0.0	1.0	0.0	0.0	0.0	0.0	0.0
694759	0.0	1.0	0.0	0.0	0.0	0.0	0.0
1131748	0.0	1.0	0.0	0.0	0.0	0.0	0.0
814836	1.8430645E-6	0.9999902	2.2761938E-6	1.8430645E-6	9.136539E-8	1.8430645E-6	1.8430645E-6
1138619	1.8430645E-6	0.9999902	2.2761938E-6	1.8430645E-6	9.136539E-8	1.8430645E-6	1.8430645E-6
1128868	0.0	1.0	0.0	0.0	0.0	0.0	0.0
1121459	0.0	1.0	0.0	0.0	0.0	0.0	0.0
642641	0.0	1.0	0.0	0.0	0.0	0.0	0.0
8617	0.0	1.0	0.0	0.0	0.0	0.0	0.0
8619	0.0	1.0	0.0	0.0	0.0	0.0	0.0
55968	0.0	1.0	0.0	0.0	0.0	0.0	0.0
892139	0.0	1.0	0.0	0.0	0.0	0.0	0.0
20593	0.0	1.0	0.0	0.0	0.0	0.0	0.0
1134031	0.0	1.0	0.0	0.0	0.0	0.0	0.0
709113	0.0	1.0	0.0	0.0	0.0	0.0	0.0
192870	0.0	1.0	0.0	0.0	0.0	0.0	0.0
59045	0.0	1.0	0.0	0.0	0.0	0.0	0.0
633721	0.0	1.0	0.0	0.0	0.0	0.0	0.0
13717	0.0	1.0	0.0	0.0	0.0	0.0	0.0
32688	0.0	1.0	0.0	0.0	0.0	0.0	0.0
1119211	0.0	1.0	0.0	0.0	0.0	0.0	0.0
260979	0.0	1.0	0.0	0.0	0.0	0.0	0.0
1114388	0.0	1.0	0.0	0.0	0.0	0.0	0.0
71736	0.0	0.0	0.0	0.0	1.0	0.0	0.0
282700	0.0	0.0	1.0	0.0	0.0	0.0	0.0
502574	0.0	1.0	0.0	0.0	0.0	0.0	0.0
5454	0.0	0.0	1.0	0.0	0.0	0.0	0.0
12439	0.0	1.0	0.0	0.0	0.0	0.0	0.0
310742	0.0	1.0	0.0	0.0	0.0	0.0	0.0
1123926	0.0	1.0	0.0	0.0	0.0	0.0	0.0
93555	0.0	1.0	0.0	0.0	0.0	0.0	0.0
1103315	0.0	1.0	0.0	0.0	0.0	0.0	0.0
6775	0.0	1.0	0.0	0.0	0.0	0.0	0.0
596075	0.0	1.0	0.0	0.0	0.0	0.0	0.0
779960	0.0	1.0	0.0	0.0	2.6700187E-9	0.0	0.0
1137140	0.0	1.0	0.0	0.0	2.6700187E-9	0.0	0.0
8687	0.0	1.0	0.0	0.0	0.0	0.0	0.0
337766	0.0	1.0	0.0	0.0	0.0	0.0	0.0
649739	0.0	1.0	0.0	0.0	0.0	0.0	0.0
593260	0.0	1.0	0.0	0.0	0.0	0.0	0.0
522338	0.0	1.0	0.0	0.0	0.0	0.0	0.0
751408	0.0	0.0	1.0	0.0	0.0	0.0	0.0
575331	0.0	1.0	0.0	0.0	0.0	0.0	0.0
1153064	0.0	1.0	0.0	0.0	0.0	0.0	0.0
52847	0.0	1.0	0.0	0.0	0.0	0.0	0.0
133563	0.0	1.0	0.0	0.0	0.0	0.0	0.0
95579	0.0	1.0	0.0	0.0	0.0	0.0	0.0
95588	0.0	1.0	0.0	0.0	0.0	0.0	0.0
29738	0.0	0.9999827	2.871367E-8	0.0	1.7290306E-5	0.0	0.0
155277	0.0	0.9999827	2.871367E-8	0.0	1.7290306E-5	0.0	0.0
1133469	0.0	1.0	0.0	0.0	0.0	0.0	0.0
13656	0.0	1.0	0.0	0.0	0.0	0.0	0.0
46468	0.0	1.0	0.0	0.0	0.0	0.0	0.0
155736	0.0	1.0	0.0	0.0	0.0	0.0	0.0
1385	0.0	1.0	0.0	0.0	0.0	0.0	0.0
1125492	0.0	1.0	0.0	0.0	0.0	0.0	0.0
95597	0.0	1.0	0.0	0.0	0.0	0.0	0.0
36131	0.0	1.0	0.0	0.0	0.0	0.0	0.0
1118764	0.0	1.0	0.0	0.0	0.0	0.0	0.0
1109542	0.0	1.0	0.0	0.0	0.0	0.0	0.0
1130634	0.0	1.0	0.0	0.0	0.0	0.0	0.0
133567	0.0	1.0	0.0	0.0	0.0	0.0	0.0
1152259	0.0	0.0	0.0	0.0	1.0	0.0	0.0
1152958	0.0	1.0	0.0	0.0	0.0	0.0	0.0
346292	0.0	1.0	0.0	0.0	0.0	0.0	0.0
92065	0.0	1.0	0.0	0.0	0.0	0.0	0.0
643695	0.0	1.0	0.0	0.0	0.0	0.0	0.0
643597	0.0	1.0	0.0	0.0	0.0	0.0	0.0
1136422	0.0	1.0	0.0	0.0	0.0	0.0	0.0
1132385	0.0	1.0	0.0	0.0	0.0	0.0	0.0
1120020	0.0	1.0	0.0	0.0	0.0	0.0	0.0
42221	0.0	1.0	0.0	0.0	0.0	0.0	0.0
70281	0.0	1.0	0.0	0.0	0.0	0.0	0.0
19697	0.0	1.0	0.0	0.0	0.0	0.0	0.0
28542	0.0	1.0	0.0	0.0	0.0	0.0	0.0
293285	0.0	1.0	0.0	0.0	0.0	0.0	0.0
1119178	0.0	1.0	0.0	0.0	0.0	0.0	0.0
289088	0.0	1.0	0.0	0.0	0.0	0.0	0.0
647408	0.0	1.0	0.0	0.0	0.0	0.0	0.0
1110520	0.0	1.0	0.0	0.0	0.0	0.0	0.0
1125992	0.0	1.0	0.0	0.0	0.0	0.0	0.0
644494	0.0	0.0	0.0	0.0	1.0	0.0	0.0
644448	0.0	0.0	0.0	0.0	1.0	0.0	0.0
1131149	0.0	1.0	0.0	0.0	0.0	0.0	0.0
321004	0.0	1.0	1.2111577E-10	0.0	0.0	0.0	0.0
1117049	0.0	1.0	1.2111577E-10	0.0	0.0	0.0	0.0
1111230	0.0	1.0	0.0	0.0	0.0	0.0	0.0
42209	0.0	1.0	0.0	0.0	0.0	0.0	0.0
80656	0.0	1.0	0.0	0.0	0.0	0.0	0.0
84459	0.0	1.0	0.0	0.0	0.0	0.0	0.0
763010	0.0	1.0	0.0	0.0	0.0	0.0	0.0
13652	0.0	1.0	0.0	0.0	0.0	0.0	0.0
578845	0.0	1.0	0.0	0.0	0.0	0.0	0.0
158098	0.0	1.0	0.0	0.0	0.0	0.0	0.0
1153889	0.0	1.0	0.0	0.0	0.0	0.0	0.0
1136449	0.0	1.0	0.0	0.0	0.0	0.0	0.0
8213	0.0	1.0	0.0	0.0	0.0	0.0	0.0
1104999	0.0	1.0	0.0	0.0	0.0	0.0	0.0
1128542	0.0	1.0	0.0	0.0	0.0	0.0	0.0
31055	0.0	1.0	0.0	0.0	0.0	0.0	0.0
1103038	0.0	1.0	0.0	0.0	0.0	0.0	0.0
1133196	0.0	1.0	0.0	0.0	0.0	0.0	0.0
1119078	0.0	1.0	0.0	0.0	0.0	0.0	0.0
1114864	0.0	1.0	0.0	0.0	0.0	0.0	0.0
63477	0.0	1.0	0.0	0.0	0.0	0.0	0.0
1131634	0.0	1.0	0.0	0.0	0.0	0.0	0.0
56112	0.0	1.0	0.0	0.0	0.0	0.0	0.0
1152917	0.0	1.0	0.0	0.0	0.0	0.0	0.0
62274	0.0	1.0	0.0	0.0	0.0	0.0	0.0
1126503	0.0	1.0	0.0	0.0	0.0	0.0	0.0
365294	0.0	0.0	0.0	0.0	1.0	0.0	0.0
28267	0.0	1.0	0.0	0.0	0.0	0.0	0.0
193347	0.0	1.0	0.0	0.0	0.0	0.0	0.0
595193	0.0	1.0	0.0	0.0	0.0	0.0	0.0
1121398	0.0	1.0	0.0	0.0	0.0	0.0	0.0
1152859	0.0	1.0	0.0	0.0	0.0	0.0	0.0
1154525	0.0	1.0	0.0	0.0	0.0	0.0	0.0
10798	0.0	1.0	0.0	0.0	0.0	0.0	0.0
286500	0.0	1.0	0.0	0.0	0.0	0.0	0.0
210309	0.0	1.0	0.0	0.0	0.0	0.0	0.0
37998	0.0	1.0	0.0	0.0	0.0	0.0	0.0
32698	0.0	1.0	0.0	0.0	0.0	0.0	0.0
308529	0.0	1.0	0.0	0.0	0.0	0.0	0.0
642847	0.0	0.5	0.0	0.0	0.5	0.0	0.0
1129442	0.0	1.0	0.0	0.0	0.0	0.0	0.0
43698	0.0	1.0	0.0	0.0	0.0	0.0	0.0
252725	0.0	1.0	0.0	0.0	0.0	0.0	0.0
9559	0.0	1.0	0.0	0.0	0.0	0.0	0.0
1786	0.0	1.0	0.0	0.0	0.0	0.0	0.0
73119	0.0	1.0	0.0	0.0	0.0	0.0	0.0
1131334	0.0	0.0	0.0	0.0	1.0	0.0	0.0
29723	0.0	1.0	0.0	0.0	0.0	0.0	0.0
83461	0.0	1.0	0.0	0.0	0.0	0.0	0.0
954315	0.0	1.0	0.0	0.0	0.0	0.0	0.0
14529	0.0	1.0	0.0	0.0	0.0	0.0	0.0
1123689	0.0	1.0	0.0	0.0	0.0	0.0	0.0
1108175	0.0	1.0	0.0	0.0	0.0	0.0	0.0
170338	0.0	1.0	0.0	0.0	0.0	0.0	0.0
192734	0.0	1.0	0.0	0.0	0.0	0.0	0.0
7532	0.0	1.0	0.0	0.0	0.0	0.0	0.0
31932	0.0	1.0	0.0	0.0	0.0	0.0	0.0
215912	0.0	1.0	0.0	0.0	0.0	0.0	0.0
1107455	0.0	1.0	0.0	0.0	0.0	0.0	0.0
1134346	0.0	1.0	0.0	0.0	0.0	0.0	0.0
1110209	0.0	1.0	0.0	0.0	0.0	0.0	0.0
153598	0.0	1.0	0.0	0.0	0.0	0.0	0.0
613409	0.0	1.0	0.0	0.0	0.0	0.0	0.0
1125386	0.0	1.0	0.0	0.0	0.0	0.0	0.0
68505	0.0	1.0	0.0	0.0	0.0	0.0	0.0
95225	0.0	1.0	0.0	0.0	0.0	0.0	0.0
6318	0.0	1.0	0.0	0.0	0.0	0.0	0.0
20833	0.0	1.0	0.0	0.0	0.0	0.0	0.0
49895	0.0	1.0	0.0	0.0	0.0	0.0	0.0
545647	0.0	1.0	0.0	0.0	0.0	0.0	0.0
582511	0.0	1.0	0.0	0.0	0.0	0.0	0.0
573978	0.0	1.0	0.0	0.0	0.0	0.0	0.0
54132	0.0	1.0	0.0	0.0	0.0	0.0	0.0
86923	0.0	1.0	0.0	0.0	0.0	0.0	0.0
18536	0.0	1.0	0.0	0.0	0.0	0.0	0.0
187354	0.0	1.0	0.0	0.0	0.0	0.0	0.0
18532	0.0	1.0	0.0	0.0	0.0	0.0	0.0
1125393	0.0	1.0	0.0	0.0	0.0	0.0	0.0
195361	0.0	1.0	0.0	0.0	0.0	0.0	0.0
171225	0.0	1.0	0.0	0.0	0.0	0.0	0.0
1115471	0.0	1.0	0.0	0.0	0.0	0.0	0.0
50838	0.0	1.0	0.0	0.0	0.0	0.0	0.0
1103610	0.0	1.0	0.0	0.0	0.0	0.0	0.0
6782	0.0	1.0	0.0	0.0	0.0	0.0	0.0
1131639	0.0	1.0	0.0	0.0	0.0	0.0	0.0
48075	0.0	1.0	0.0	0.0	0.0	0.0	0.0
1103979	0.0	1.0	0.0	0.0	0.0	0.0	0.0
1134320	0.0	1.0	0.0	0.0	0.0	0.0	0.0
1153922	0.0	1.0	0.0	0.0	0.0	0.0	0.0
1109957	0.0	1.0	0.0	0.0	0.0	0.0	0.0
6941	0.0	1.0	0.0	0.0	0.0	0.0	0.0
167205	0.0	1.0	0.0	0.0	0.0	0.0	0.0
8591	0.0	1.0	0.0	0.0	0.0	0.0	0.0
1129608	0.0	1.0	0.0	0.0	0.0	0.0	0.0
633585	0.0	1.0	0.0	0.0	0.0	0.0	0.0
1153866	0.0	1.0	0.0	0.0	0.0	0.0	0.0
1131647	0.0	1.0	0.0	0.0	0.0	0.0	0.0
1129518	0.0	1.0	0.0	0.0	0.0	0.0	0.0
595056	0.0	1.0	0.0	0.0	0.0	0.0	0.0
189572	0.0	1.0	0.0	0.0	0.0	0.0	0.0
1134348	0.0	1.0	0.0	0.0	0.0	0.0	0.0
1107367	0.0	1.0	0.0	0.0	0.0	0.0	0.0
154047	0.0	1.0	0.0	0.0	0.0	0.0	0.0
567018	0.0	1.0	0.0	0.0	0.0	0.0	0.0
105057	0.0	1.0	0.0	0.0	0.0	0.0	0.0
1132731	0.0	1.0	0.0	0.0	0.0	0.0	0.0
20180	0.0	1.0	0.0	0.0	0.0	0.0	0.0
684986	0.0	1.0	0.0	0.0	0.0	0.0	0.0
1131549	0.0	1.0	0.0	0.0	0.0	0.0	0.0
126793	0.0	0.0	0.0	0.0	1.0	0.0	0.0
27246	0.0	1.0	0.0	0.0	0.0	0.0	0.0
1127566	0.0	1.0	0.0	0.0	0.0	0.0	0.0
644427	0.0	0.0	0.0	0.0	1.0	0.0	0.0
1131257	0.0	0.0	0.0	0.0	1.0	0.0	0.0
1127657	0.0	1.0	0.0	0.0	0.0	0.0	0.0
1131137	0.0	1.0	0.0	0.0	0.0	0.0	0.0
126926	0.0	0.0	0.0	0.0	1.0	0.0	0.0
126909	0.0	0.0	0.0	0.0	1.0	0.0	0.0
1102548	0.0	1.0	0.0	0.0	0.0	0.0	0.0
4553	0.0	1.0	0.0	0.0	0.0	0.0	0.0
78508	0.0	1.0	0.0	0.0	0.0	0.0	0.0
1120138	0.0	1.0	0.0	0.0	0.0	0.0	0.0
1152975	0.0	1.0	0.0	0.0	0.0	0.0	0.0
1111978	0.0	1.0	0.0	0.0	0.0	0.0	0.0
143476	0.0	1.0	0.0	0.0	0.0	0.0	0.0
120013	0.0	1.0	0.0	0.0	0.0	0.0	0.0
350319	0.0	1.0	0.0	0.0	0.0	0.0	0.0
1130454	0.0	1.0	0.0	0.0	0.0	0.0	0.0
50381	0.0	1.0	0.0	0.0	0.0	0.0	0.0
321861	0.0	1.0	0.0	0.0	0.0	0.0	0.0
1118083	0.0	0.030099446	0.0	0.0	0.96990055	0.0	0.0
593859	0.0	1.0	0.0	0.0	0.0	0.0	0.0
1103737	0.0	1.0	0.0	0.0	0.0	0.0	0.0
218682	0.0	1.0	0.0	0.0	0.0	0.0	0.0
1117501	0.0	1.0	0.0	0.0	0.0	0.0	0.0
1121603	0.0	1.0	0.0	0.0	0.0	0.0	0.0
1153160	0.0	1.0	0.0	0.0	0.0	0.0	0.0
103531	0.0	1.0	0.0	0.0	0.0	0.0	0.0
656048	0.0	1.0	0.0	0.0	0.0	0.0	0.0
950986	0.0	1.0	0.0	0.0	0.0	0.0	0.0
73712	0.0	1.0	0.0	0.0	0.0	0.0	0.0
1109891	0.0	1.0	0.0	0.0	0.0	0.0	0.0
55801	0.0	1.0	0.0	0.0	0.0	0.0	0.0
1114364	0.0	1.0	0.0	0.0	0.0	0.0	0.0
1125597	0.0	1.0	0.0	0.0	0.0	0.0	0.0
1116569	0.0	1.0	0.0	0.0	0.0	0.0	0.0
203646	0.0	1.0	0.0	0.0	0.0	0.0	0.0
91975	0.0	1.0	0.0	0.0	0.0	0.0	0.0
213246	0.0	1.0	0.0	0.0	0.0	0.0	0.0
200630	0.0	1.0	0.0	0.0	0.0	0.0	0.0
1153014	0.0	1.0	0.0	0.0	0.0	0.0	0.0
133615	0.0	1.0	0.0	0.0	0.0	0.0	0.0
689152	0.0	1.0	0.0	0.0	0.0	0.0	0.0
34708	0.0	1.0	0.0	0.0	0.0	0.0	0.0
33412	0.0	1.0	0.0	0.0	0.0	0.0	0.0
62634	0.0	1.0	0.0	0.0	0.0	0.0	0.0
447224	0.0	1.0	0.0	0.0	0.0	0.0	0.0
853150	0.0	1.0	0.0	0.0	0.0	0.0	0.0
1136634	0.0	1.0	0.0	0.0	0.0	0.0	0.0
211432	0.0	1.0	0.0	0.0	0.0	0.0	0.0
1117089	0.0	1.0	0.0	0.0	0.0	0.0	0.0
1113831	0.0	1.0	0.0	0.0	0.0	0.0	0.0
574264	0.0	1.0	0.0	0.0	0.0	0.0	0.0
1153861	0.0	1.0	0.0	0.0	0.0	0.0	0.0
449841	0.0	1.0	0.0	0.0	0.0	0.0	0.0
1131348	0.0	1.0	0.0	0.0	0.0	0.0	0.0
143801	0.0	1.0	0.0	0.0	0.0	0.0	0.0
628459	1.5789609E-9	0.99909604	9.0382295E-4	1.5789609E-9	1.4362146E-7	1.5789609E-9	1.5789609E-9
628458	1.5789609E-9	0.99909604	9.0382295E-4	1.5789609E-9	1.4362146E-7	1.5789609E-9	1.5789609E-9
126912	0.0	0.8	0.0	0.0	0.2	0.0	0.0
103537	0.0	0.8	0.0	0.0	0.2	0.0	0.0
82664	0.0	1.0	0.0	0.0	0.0	0.0	0.0
1121739	0.0	1.0	0.0	0.0	0.0	0.0	0.0
12169	0.0	1.0	0.0	0.0	0.0	0.0	0.0
152219	0.0	1.0	0.0	0.0	0.0	0.0	0.0
662572	0.0	1.0	0.0	0.0	0.0	0.0	0.0
4637	0.0	1.0	0.0	0.0	0.0	0.0	0.0
650807	0.0	1.0	0.0	0.0	0.0	0.0	0.0
1129443	0.0	1.0	0.0	0.0	0.0	0.0	0.0
33303	0.0	1.0	0.0	0.0	0.0	0.0	0.0
59244	0.0	1.0	0.0	0.0	0.0	0.0	0.0
1135108	0.0	1.0	0.0	0.0	0.0	0.0	0.0
628764	0.0	1.0	0.0	0.0	0.0	0.0	0.0
60682	0.0	1.0	0.0	0.0	0.0	0.0	0.0
1132922	0.0	1.0	0.0	0.0	0.0	0.0	0.0
628766	0.0	1.0	0.0	0.0	0.0	0.0	0.0
31105	0.0	1.0	0.0	0.0	0.0	0.0	0.0
648369	1.0287864E-8	0.9999988	3.625724E-8	1.0287864E-8	1.1857273E-6	1.0287864E-8	1.0287864E-8
1131414	1.0287864E-8	0.9999988	3.625724E-8	1.0287864E-8	1.1857273E-6	1.0287864E-8	1.0287864E-8
49753	0.0	1.0	0.0	0.0	0.0	0.0	0.0
49720	0.0	1.0	0.0	0.0	0.0	0.0	0.0
1114184	0.0	1.0	0.0	0.0	0.0	0.0	0.0
114189	0.0	1.0	0.0	0.0	0.0	0.0	0.0
1136814	0.0	1.0	0.0	0.0	0.0	0.0	0.0
260121	0.0	1.0	0.0	0.0	0.0	0.0	0.0
65212	0.0	1.0	0.0	0.0	0.0	0.0	0.0
714975	0.0	1.0	0.0	0.0	0.0	0.0	0.0
1110024	0.0	1.0	0.0	0.0	0.0	0.0	0.0
8696	0.0	1.0	0.0	0.0	0.0	0.0	0.0
259702	0.0	1.0	0.0	0.0	0.0	0.0	0.0
214472	0.0	1.0	0.0	0.0	0.0	0.0	0.0
75694	0.0	1.0	0.0	0.0	0.0	0.0	0.0
75693	0.0	1.0	0.0	0.0	0.0	0.0	0.0
102406	0.0	1.0	0.0	0.0	0.0	0.0	0.0
112787	0.0	1.0	0.0	0.0	0.0	0.0	0.0
28412	0.0	1.0	0.0	0.0	0.0	0.0	0.0
395540	0.0	0.0	1.0	0.0	0.0	0.0	0.0
711598	0.0	1.0	0.0	0.0	0.0	0.0	0.0
1121313	0.0	1.0	0.0	0.0	0.0	0.0	0.0
164885	0.0	1.0	0.0	0.0	0.0	0.0	0.0
69198	0.0	0.75	0.25	0.0	0.0	0.0	0.0
18251	0.0	1.0	0.0	0.0	0.0	0.0	0.0
267824	0.0	1.0	0.0	0.0	0.0	0.0	0.0
1106236	0.0	1.0	0.0	0.0	0.0	0.0	0.0
315266	0.0	1.0	0.0	0.0	0.0	0.0	0.0
124952	0.0	1.0	0.0	0.0	0.0	0.0	0.0
189721	0.0	1.0	0.0	0.0	0.0	0.0	0.0
1153897	0.0	1.0	0.0	0.0	0.0	0.0	0.0
34355	0.0	1.0	0.0	0.0	0.0	0.0	0.0
646286	0.0	0.0	0.0	0.0	1.0	0.0	0.0
644361	0.0	0.0	0.0	0.0	1.0	0.0	0.0
645016	0.0	0.0	0.0	0.0	1.0	0.0	0.0
1131607	0.0	0.0	1.0	0.0	0.0	0.0	0.0
212777	0.0	1.0	0.0	0.0	0.0	0.0	0.0
1117920	0.0	1.0	0.0	0.0	0.0	0.0	0.0
1113995	0.0	1.0	0.0	0.0	0.0	0.0	0.0
601567	0.0	1.0	0.0	0.0	0.0	0.0	0.0
1138043	6.548245E-7	0.47741383	1.2649577E-9	7.244512E-8	0.5225801	6.5294876E-7	4.7269555E-6
1131314	0.0	0.0	0.0	0.0	1.0	0.0	0.0
318071	0.0	1.0	0.0	0.0	0.0	0.0	0.0
27514	0.0	1.0	0.0	0.0	0.0	0.0	0.0
1138027	0.0	1.0	0.0	0.0	0.0	0.0	0.0
315789	0.0	1.0	0.0	0.0	0.0	0.0	0.0
562940	0.0	1.0	0.0	0.0	0.0	0.0	0.0
258259	0.0	0.9999993	0.0	0.0	7.363784E-7	0.0	0.0
1129570	0.0	1.0	0.0	0.0	0.0	0.0	0.0
1105603	0.0	1.0	0.0	0.0	0.0	0.0	0.0
263069	0.0	1.0	0.0	0.0	0.0	0.0	0.0
1114398	0.0	1.0	0.0	0.0	0.0	0.0	0.0
1103985	0.0	1.0	0.0	0.0	0.0	0.0	0.0
189623	0.0	1.0	0.0	0.0	0.0	0.0	0.0
263482	0.0	1.0	0.0	0.0	0.0	0.0	0.0
1118302	0.0	1.0	0.0	0.0	0.0	0.0	0.0
1105672	0.0	1.0	0.0	0.0	0.0	0.0	0.0
5075	0.0	1.0	0.0	0.0	0.0	0.0	0.0
3932	0.0	1.0	0.0	0.0	0.0	0.0	0.0
636500	0.0	1.0	0.0	0.0	0.0	0.0	0.0
1127558	0.0	1.0	0.0	0.0	0.0	0.0	0.0
1103394	0.0	1.0	0.0	0.0	0.0	0.0	0.0
120817	0.0	1.0	0.0	0.0	0.0	0.0	0.0
1115456	0.0	1.0	0.0	0.0	0.0	0.0	0.0
34315	0.0	1.0	0.0	0.0	0.0	0.0	0.0
238401	0.0	1.0	0.0	0.0	0.0	0.0	0.0
593201	0.0	1.0	0.0	0.0	0.0	0.0	0.0
1114512	0.0	1.0	0.0	0.0	0.0	0.0	0.0
75983	0.0	1.0	0.0	0.0	0.0	0.0	0.0
1115790	0.0	1.0	0.0	0.0	0.0	0.0	0.0
593248	0.0	1.0	0.0	0.0	0.0	0.0	0.0
330208	0.0	0.0	1.9810336E-8	0.0	1.0	0.0	0.0
1113739	0.0	1.0	0.0	0.0	0.0	0.0	0.0
7296	0.0	1.0	0.0	0.0	0.0	0.0	0.0
1152676	0.0	1.0	0.0	0.0	0.0	0.0	0.0
646289	0.0	1.0	0.0	0.0	0.0	0.0	0.0
1120084	0.0	1.0	0.0	0.0	0.0	0.0	0.0
15431	0.0	1.0	0.0	0.0	0.0	0.0	0.0
739707	0.0	1.0	0.0	0.0	0.0	0.0	0.0
630817	0.0	0.0	1.0	0.0	0.0	0.0	0.0
644363	0.0	0.0	0.0	0.0	1.0	0.0	0.0
1131165	0.0	1.0	0.0	0.0	0.0	0.0	0.0
1110546	0.0	1.0	0.0	0.0	0.0	0.0	0.0
1109830	0.0	1.0	0.0	0.0	0.0	0.0	0.0
1127812	0.0	1.0	0.0	0.0	0.0	0.0	0.0
158812	0.0	1.0	0.0	0.0	0.0	0.0	0.0
648232	0.0	1.0	0.0	0.0	0.0	0.0	0.0
277263	0.0	1.0	0.0	0.0	0.0	0.0	0.0
1128208	0.0	1.0	0.0	0.0	0.0	0.0	0.0
1153942	0.0	1.0	0.0	0.0	0.0	0.0	0.0
41732	0.0	1.0	0.0	0.0	0.0	0.0	0.0
318187	0.0	1.0	0.0	0.0	0.0	0.0	0.0
46476	0.0	1.0	0.0	0.0	0.0	0.0	0.0
1132948	0.0	0.0	1.0	0.0	0.0	0.0	0.0
1153264	0.0	1.0	0.0	0.0	0.0	0.0	0.0
7432	0.0	1.0	0.0	0.0	0.0	0.0	0.0
220420	0.0	1.0	0.0	0.0	0.0	0.0	0.0
112099	0.0	1.0	0.0	0.0	0.0	0.0	0.0
1114629	0.0	1.0	0.0	0.0	0.0	0.0	0.0
83725	0.0	1.0	0.0	0.0	0.0	0.0	0.0
519318	0.0	1.0	0.0	0.0	0.0	0.0	0.0
248119	0.0	1.0	0.0	0.0	0.0	0.0	0.0
1105530	0.0	1.0	0.0	0.0	0.0	0.0	0.0
424540	0.0	1.0	0.0	0.0	0.0	0.0	0.0
1130586	0.0	1.0	0.0	0.0	0.0	0.0	0.0
1153003	0.0	1.0	0.0	0.0	0.0	0.0	0.0
1119180	0.0	1.0	0.0	0.0	0.0	0.0	0.0
640617	0.0	1.0	0.0	0.0	0.0	0.0	0.0
1130856	0.0	1.0	0.0	0.0	0.0	0.0	0.0
250566	0.0	1.0	0.0	0.0	0.0	0.0	0.0
1113926	0.0	1.0	0.0	0.0	0.0	0.0	0.0
686532	0.0	1.0	0.0	0.0	0.0	0.0	0.0
308232	0.0	1.0	0.0	0.0	0.0	0.0	0.0
59626	0.0	1.0	0.0	0.0	0.0	0.0	0.0
1119216	0.0	1.0	0.0	0.0	0.0	0.0	0.0
120039	0.0	1.0	0.0	0.0	0.0	0.0	0.0
1153786	0.0	1.0	0.0	0.0	0.0	0.0	0.0
1122642	0.0	1.0	0.0	0.0	0.0	0.0	0.0
606647	0.0	1.0	0.0	0.0	0.0	0.0	0.0
289945	0.0	1.0	0.0	0.0	0.0	0.0	0.0
390922	0.0	1.0	0.0	0.0	0.0	0.0	0.0
1128531	0.0	1.0	0.0	0.0	0.0	0.0	0.0
53942	0.0	1.0	0.0	0.0	0.0	0.0	0.0
1153169	0.0	1.0	0.0	0.0	0.0	0.0	0.0
1105011	0.0	1.0	0.0	0.0	0.0	0.0	0.0
1129621	0.0	1.0	0.0	0.0	0.0	0.0	0.0
616336	0.0	1.0	0.0	0.0	0.0	0.0	0.0
1104749	0.0	1.0	1.1814776E-10	0.0	2.6877178E-9	0.0	0.0
50807	0.0	1.0	1.1814776E-10	0.0	2.6877178E-9	0.0	0.0
1131300	0.0	1.0	0.0	0.0	0.0	0.0	0.0
1102761	0.0	1.0	0.0	0.0	0.0	0.0	0.0
28640	0.0	1.0	0.0	0.0	0.0	0.0	0.0
520471	0.0	1.0	0.0	0.0	0.0	0.0	0.0
1125953	0.0	1.0	0.0	0.0	0.0	0.0	0.0
1152673	0.0	1.0	0.0	0.0	0.0	0.0	0.0
137956	0.0	1.0	0.0	0.0	0.0	0.0	0.0
94639	0.0	1.0	0.0	0.0	0.0	0.0	0.0
14083	0.0	1.0	0.0	0.0	0.0	0.0	0.0
8832	0.0	1.0	0.0	0.0	0.0	0.0	0.0
578898	0.0	1.0	0.0	0.0	0.0	0.0	0.0
593022	0.0	1.0	0.0	0.0	0.0	0.0	0.0
1130934	0.0	1.0	0.0	0.0	0.0	0.0	0.0
1128881	0.0	1.0	0.0	0.0	0.0	0.0	0.0
787016	0.0	1.0	0.0	0.0	0.0	0.0	0.0
58268	0.0	1.0	0.0	0.0	0.0	0.0	0.0
1105877	0.0	1.0	0.0	0.0	0.0	0.0	0.0
358866	0.0	1.0	0.0	0.0	0.0	0.0	0.0
1102794	0.0	1.0	0.0	0.0	0.0	0.0	0.0
1153945	0.0	1.0	0.0	0.0	0.0	0.0	0.0
1034	0.0	1.0	0.0	0.0	0.0	0.0	0.0
158614	0.0	1.0	0.0	0.0	0.0	0.0	0.0
1110000	0.0	1.0	0.0	0.0	0.0	0.0	0.0
578347	0.0	0.0	1.0	0.0	0.0	0.0	0.0
102884	0.0	1.0	0.0	0.0	0.0	0.0	0.0
54550	0.0	1.0	0.0	0.0	0.0	0.0	0.0
1022969	0.0	1.0	0.0	0.0	0.0	0.0	0.0
33301	0.0	1.0	0.0	0.0	0.0	0.0	0.0
646900	0.0	1.0	0.0	0.0	0.0	0.0	0.0
278403	0.0	1.0	0.0	0.0	0.0	0.0	0.0
1114992	0.0	1.0	0.0	0.0	0.0	0.0	0.0
1105698	0.0	1.0	0.0	0.0	0.0	0.0	0.0
110041	0.0	1.0	0.0	0.0	0.0	0.0	0.0
1116397	0.0	1.0	0.0	0.0	0.0	0.0	0.0
1153784	0.0	1.0	0.0	0.0	0.0	0.0	0.0
1131741	0.0	1.0	0.0	0.0	0.0	0.0	0.0
1111186	0.0	1.0	0.0	0.0	0.0	0.0	0.0
194223	0.0	1.0	0.0	0.0	0.0	0.0	0.0
46079	0.0	1.0	0.0	0.0	0.0	0.0	0.0
6170	0.0	1.0	0.0	0.0	0.0	0.0	0.0
102938	0.0	1.0	0.0	0.0	0.0	0.0	0.0
1115291	0.0	1.0	0.0	0.0	0.0	0.0	0.0
328370	0.0	1.0	0.0	0.0	0.0	0.0	0.0
711994	0.0	1.0	0.0	0.0	1.615001E-8	0.0	0.0
1134197	0.0	1.0	0.0	0.0	1.615001E-8	0.0	0.0
1123991	0.0	1.0	0.0	0.0	0.0	0.0	0.0
51834	0.0	1.0	0.0	0.0	0.0	0.0	0.0
19045	0.0	1.0	0.0	0.0	0.0	0.0	0.0
567005	0.0	1.0	0.0	0.0	0.0	0.0	0.0
239829	0.0	1.0	0.0	0.0	0.0	0.0	0.0
1059953	0.0	1.0	0.0	0.0	0.0	0.0	0.0
94953	0.0	1.0	0.0	0.0	0.0	0.0	0.0
755082	0.0	1.0	0.0	0.0	0.0	0.0	0.0
40922	0.0	1.0	0.0	0.0	0.0	0.0	0.0
1128204	0.0	1.0	0.0	0.0	0.0	0.0	0.0
302545	0.0	1.0	0.0	0.0	1.1441243E-8	0.0	0.0
1152858	0.0	1.0	0.0	0.0	1.1441243E-8	0.0	0.0
415693	0.0	1.0	0.0	0.0	0.0	0.0	0.0
1131421	0.0	1.0	0.0	0.0	0.0	0.0	0.0
648106	0.0	1.0	0.0	0.0	0.0	0.0	0.0
47682	0.0	1.0	0.0	0.0	0.0	0.0	0.0
47683	0.0	1.0	0.0	0.0	0.0	0.0	0.0
1132406	0.0	1.0	3.0438542E-8	0.0	1.2543608E-10	0.0	0.0
1111265	0.0	1.0	0.0	0.0	0.0	0.0	0.0
1131420	0.0	1.0	0.0	0.0	0.0	0.0	0.0
648112	0.0	1.0	0.0	0.0	0.0	0.0	0.0
1131745	0.0	1.0	0.0	0.0	0.0	0.0	0.0
230300	0.0	1.0	0.0	0.0	0.0	0.0	0.0
423816	0.0	1.0	0.0	0.0	0.0	0.0	0.0
648121	0.0	1.0	0.0	0.0	0.0	0.0	0.0
1116629	0.0	1.0	0.0	0.0	0.0	0.0	0.0
1104055	0.0	1.0	0.0	0.0	0.0	0.0	0.0
87363	0.0	1.0	0.0	0.0	0.0	0.0	0.0
1123093	0.0	1.0	0.0	0.0	0.0	0.0	0.0
1131359	0.0	1.0	0.0	0.0	0.0	0.0	0.0
1152564	0.0	1.0	0.0	0.0	0.0	0.0	0.0
177998	0.0	1.0	0.0	0.0	0.0	0.0	0.0
1110515	0.0	1.0	0.0	0.0	0.0	0.0	0.0
1110768	0.0	1.0	0.0	0.0	0.0	0.0	0.0
1134022	0.0	1.0	0.0	0.0	0.0	0.0	0.0
1135125	0.0	1.0	0.0	0.0	0.0	0.0	0.0
630890	0.0	1.0	0.0	0.0	9.076816E-11	0.0	0.0
270600	0.0	1.0	0.0	0.0	0.0	0.0	0.0
68115	0.0	1.0	0.0	0.0	0.0	0.0	0.0
118558	0.0	1.0	0.0	0.0	0.0	0.0	0.0
267003	0.0	1.0	0.0	0.0	0.0	0.0	0.0
1105148	0.0	1.0	0.0	0.0	0.0	0.0	0.0
13208	0.0	1.0	0.0	0.0	0.0	0.0	0.0
13205	0.0	1.0	0.0	0.0	0.0	0.0	0.0
95198	0.0	1.0	0.0	0.0	0.0	0.0	0.0
593559	0.0	1.0	0.0	0.0	0.0	0.0	0.0
1123756	0.0	1.0	0.0	0.0	0.0	0.0	0.0
212097	1.382569E-9	1.0	0.0	5.3676597E-10	0.0	1.2955177E-9	3.1542222E-9
1108169	0.0	0.0	0.0	0.0	1.0	0.0	0.0
45533	0.0	1.0	0.0	0.0	0.0	0.0	0.0
1122574	0.0	1.0	0.0	0.0	0.0	0.0	0.0
28649	0.0	1.0	0.0	0.0	0.0	0.0	0.0
177993	0.0	1.0	0.0	0.0	0.0	0.0	0.0
1105231	0.0	1.0	0.0	0.0	0.0	0.0	0.0
61312	0.0	1.0	0.0	0.0	0.0	0.0	0.0
1128437	0.0	1.0	0.0	0.0	0.0	0.0	0.0
582349	0.0	1.0	0.0	0.0	0.0	0.0	0.0
80491	0.0	1.0	0.0	0.0	0.0	0.0	0.0
22886	0.0	1.0	0.0	0.0	0.0	0.0	0.0
1132416	0.0	1.0	4.5256815E-10	0.0	0.0	0.0	0.0
593060	0.0	1.0	0.0	0.0	0.0	0.0	0.0
1107140	0.0	1.0	0.0	0.0	0.0	0.0	0.0
650814	0.0	1.0	0.0	0.0	0.0	0.0	0.0
642930	0.0	1.0	0.0	0.0	0.0	0.0	0.0
642920	0.0	1.0	0.0	0.0	0.0	0.0	0.0
1130929	0.0	1.0	0.0	0.0	0.0	0.0	0.0
1128978	0.0	1.0	0.0	0.0	0.0	0.0	0.0
646334	0.0	0.0	0.0	0.0	1.0	0.0	0.0
1135455	0.0	1.0	0.0	0.0	0.0	0.0	0.0
1136393	0.0	1.0	0.0	0.0	0.0	0.0	0.0
62333	0.0	1.0	0.0	0.0	0.0	0.0	0.0
134314	0.0	1.0	0.0	0.0	0.0	0.0	0.0
157401	0.0	1.0	0.0	0.0	0.0	0.0	0.0
72805	3.2700276E-9	1.0	0.0	3.2700276E-9	8.447707E-9	3.2700276E-9	3.2700276E-9
899085	3.2700276E-9	1.0	0.0	3.2700276E-9	8.447707E-9	3.2700276E-9	3.2700276E-9
592993	0.0	1.0	0.0	0.0	0.0	0.0	0.0
593105	0.0	1.0	0.0	0.0	0.0	0.0	0.0
1111733	0.0	1.0	0.0	0.0	0.0	0.0	0.0
1108841	0.0	1.0	0.0	0.0	0.0	0.0	0.0
10174	0.0	1.0	0.0	0.0	0.0	0.0	0.0
687401	0.0	1.0	0.0	0.0	0.0	0.0	0.0
1112194	0.0	1.0	0.0	0.0	0.0	0.0	0.0
1128927	0.0	1.0	0.0	0.0	0.0	0.0	0.0
1103016	0.0	0.99999994	0.0	0.0	7.331513E-8	0.0	0.0
636098	0.0	1.0	0.0	0.0	0.0	0.0	0.0
1109017	0.0	1.0	0.0	0.0	0.0	0.0	0.0
1118017	0.0	1.0	0.0	0.0	0.0	0.0	0.0
645571	0.0	0.5	0.0	0.0	0.5	0.0	0.0
134219	0.0	1.0	0.0	0.0	0.0	0.0	0.0
390693	0.0	1.0	0.0	0.0	0.0	0.0	0.0
14090	0.0	0.49999994	0.0	0.0	0.50000006	0.0	0.0
103543	0.0	0.0	0.0	0.0	1.0	0.0	0.0
1120563	0.0	1.0	0.0	0.0	0.0	0.0	0.0
124296	0.0	1.0	0.0	0.0	0.0	0.0	0.0
561809	0.0	1.0	0.0	0.0	0.0	0.0	0.0
174418	0.0	1.0	0.0	0.0	0.0	0.0	0.0
259701	0.0	1.0	0.0	0.0	0.0	0.0	0.0
255233	0.0	1.0	0.0	0.0	0.0	0.0	0.0
72406	0.0	1.0	0.0	0.0	0.0	0.0	0.0
467383	0.0	1.0	0.0	0.0	0.0	0.0	0.0
1118848	0.0	1.0	0.0	0.0	0.0	0.0	0.0
184157	0.0	1.0	0.0	0.0	0.0	0.0	0.0
272345	0.0	1.0	0.0	0.0	0.0	0.0	0.0
13136	0.0	0.69676614	0.0	0.0	0.3032339	0.0	0.0
604073	0.0	1.0	0.0	0.0	0.0	0.0	0.0
1129494	0.0	1.0	0.0	0.0	0.0	0.0	0.0
377303	0.0	1.0	0.0	0.0	0.0	0.0	0.0
593328	0.0	1.0	0.0	0.0	0.0	0.0	0.0
148399	0.0	1.0	0.0	0.0	0.0	0.0	0.0
145315	0.0	1.0	0.0	0.0	0.0	0.0	0.0
248395	0.0	1.0	0.0	0.0	0.0	0.0	0.0
58552	0.0	1.0	0.0	0.0	0.0	0.0	0.0
206524	0.0	1.0	0.0	0.0	0.0	0.0	0.0
97645	0.0	1.0	0.0	0.0	0.0	0.0	0.0
820662	0.0	1.0	0.0	0.0	0.0	0.0	0.0
1121659	0.0	1.0	0.0	0.0	0.0	0.0	0.0
399339	0.0	1.0	0.0	0.0	0.0	0.0	0.0
237521	0.0	0.5	0.5	0.0	0.0	0.0	0.0
1113828	0.0	1.0	0.0	0.0	0.0	0.0	0.0
1128839	0.0	1.0	0.0	0.0	0.0	0.0	0.0
7867	0.0	1.0	0.0	0.0	0.0	0.0	0.0
4983	0.0	1.0	0.0	0.0	0.0	0.0	0.0
1109566	0.0	1.0	0.0	0.0	0.0	0.0	0.0
686559	0.0	1.0	0.0	0.0	0.0	0.0	0.0
1104769	0.0	1.0	0.0	0.0	0.0	0.0	0.0
1112665	0.0	1.0	0.0	0.0	0.0	0.0	0.0
309476	0.0	1.0	0.0	0.0	0.0	0.0	0.0
1126044	0.0	1.0	0.0	0.0	0.0	0.0	0.0
12946	0.0	1.0	0.0	0.0	0.0	0.0	0.0
191216	0.0	1.0	0.0	0.0	0.0	0.0	0.0
189708	0.0	1.0	0.0	0.0	0.0	0.0	0.0
1130931	0.0	1.0	0.0	0.0	0.0	0.0	0.0
31097	0.0	1.0	0.0	0.0	0.0	0.0	0.0
1110028	0.0	1.0	0.0	0.0	0.0	0.0	0.0
89308	0.0	1.0	0.0	0.0	0.0	0.0	0.0
27203	0.0	1.0	0.0	0.0	0.0	0.0	0.0
11093	0.0	1.0	0.0	0.0	0.0	0.0	0.0
1154500	0.0	1.0	0.0	0.0	0.0	0.0	0.0
32260	0.0	1.0	0.0	0.0	0.0	0.0	0.0
28632	0.0	1.0	0.0	0.0	0.0	0.0	0.0
293271	0.0	1.0	0.0	0.0	0.0	0.0	0.0
1126350	0.0	1.0	0.0	0.0	0.0	0.0	0.0
561238	0.0	1.0	0.0	0.0	0.0	0.0	0.0
48768	0.0	1.0	0.0	0.0	0.0	0.0	0.0
1128959	0.0	1.0	0.0	0.0	0.0	0.0	0.0
714879	0.0	1.0	0.0	0.0	0.0	0.0	0.0
1118347	0.0	1.0	0.0	0.0	0.0	0.0	0.0
416867	0.0	1.0	0.0	0.0	0.0	0.0	0.0
577227	0.0	1.0	0.0	0.0	0.0	0.0	0.0
259126	0.0	1.0	0.0	0.0	0.0	0.0	0.0
28473	0.0	1.0	0.0	0.0	0.0	0.0	0.0
189574	0.0	1.0	0.0	0.0	0.0	0.0	0.0
1114838	0.0	1.0	0.0	0.0	0.0	0.0	0.0
1125909	0.0	1.0	0.0	0.0	0.0	0.0	0.0
643735	0.0	1.0	0.0	0.0	0.0	0.0	0.0
232860	0.0	1.0	0.0	0.0	0.0	0.0	0.0
1113084	0.0	1.0	0.0	0.0	0.0	0.0	0.0
308003	0.0	1.0	0.0	0.0	0.0	0.0	0.0
1132459	0.0	1.0	0.0	0.0	0.0	0.0	0.0
1122304	4.723795E-10	6.2829764E-5	0.9999367	1.8340132E-10	4.50372E-7	4.4263693E-10	1.0776638E-9
628888	0.0	1.0	0.0	0.0	0.0	0.0	0.0
671293	0.0	1.0	0.0	0.0	0.0	0.0	0.0
1114118	0.0	1.0	0.0	0.0	0.0	0.0	0.0
385251	0.0	1.0	0.0	0.0	0.0	0.0	0.0
174425	0.0	1.0	0.0	0.0	0.0	0.0	0.0
463	0.0	1.0	0.0	0.0	0.0	0.0	0.0
141596	0.0	1.0	0.0	0.0	0.0	0.0	0.0
348305	0.0	1.0	0.0	0.0	0.0	0.0	0.0
1117833	0.0	1.0	0.0	0.0	0.0	0.0	0.0
756061	0.0	1.0	0.0	0.0	0.0	0.0	0.0
592996	0.0	1.0	0.0	0.0	0.0	0.0	0.0
1130356	0.0	1.0	0.0	0.0	0.0	0.0	0.0
61073	0.0	1.0	0.0	0.0	0.0	0.0	0.0
503877	0.0	1.0	0.0	0.0	0.0	0.0	0.0
102939	0.0	1.0	0.0	0.0	0.0	0.0	0.0
143676	0.0	1.0	0.0	0.0	0.0	0.0	0.0
1140547	0.0	1.0	0.0	0.0	0.0	0.0	0.0
13966	0.0	1.0	0.0	0.0	0.0	0.0	0.0
119712	0.0	1.0	0.0	0.0	0.0	0.0	0.0
7022	0.0	1.0	0.0	0.0	0.0	0.0	0.0
1121176	0.0	1.0	0.0	0.0	0.0	0.0	0.0
1131752	0.0	1.0	0.0	0.0	0.0	0.0	0.0
12238	0.0	1.0	0.0	0.0	0.0	0.0	0.0
103528	0.0	1.0	0.0	0.0	0.0	0.0	0.0
1131180	0.0	0.0	0.0	0.0	1.0	0.0	0.0
470511	0.0	1.0	0.0	0.0	0.0	0.0	0.0
77829	0.0	1.0	0.0	0.0	0.0	0.0	0.0
29708	0.0	1.0	0.0	0.0	0.0	0.0	0.0
753264	0.0	1.0	0.0	0.0	0.0	0.0	0.0
1135368	0.0	1.0	0.0	0.0	0.0	0.0	0.0
131117	0.0	1.0	0.0	0.0	0.0	0.0	0.0
243274	0.0	1.0	0.0	0.0	0.0	0.0	0.0
1154233	0.0	1.0	0.0	0.0	0.0	0.0	0.0
1110531	0.0	1.0	0.0	0.0	0.0	0.0	0.0
51934	0.0	1.0	0.0	0.0	0.0	0.0	0.0
1104946	0.0	1.0	0.0	0.0	0.0	0.0	0.0
12211	0.0	1.0	0.0	0.0	0.0	0.0	0.0
9586	0.0	1.0	0.0	0.0	0.0	0.0	0.0
1130243	2.507197E-7	0.9999985	2.740518E-7	2.507197E-7	2.598375E-7	2.507197E-7	2.507197E-7
621555	2.507197E-7	0.9999985	2.740518E-7	2.507197E-7	2.598375E-7	2.507197E-7	2.507197E-7
1136310	0.0	1.0	0.0	0.0	0.0	0.0	0.0
593560	0.0	1.0	0.0	0.0	0.0	0.0	0.0
593209	0.0	1.0	0.0	0.0	0.0	0.0	0.0
1061127	0.0	1.0	0.0	0.0	0.0	0.0	0.0
645452	0.0	0.0	0.0	0.0	1.0	0.0	0.0
430329	0.0	1.0	0.0	0.0	0.0	0.0	0.0
1107136	0.0	1.0	0.0	0.0	0.0	0.0	0.0
17811	0.0	1.0	0.0	0.0	0.0	0.0	0.0
160732	0.0	1.0	0.0	0.0	0.0	0.0	0.0
1128853	0.0	1.0	0.0	0.0	0.0	0.0	0.0
1131565	0.0	1.0	0.0	0.0	0.0	0.0	0.0
13972	0.0	1.0	0.0	0.0	0.0	0.0	0.0
1115375	0.0	0.0	1.0	0.0	0.0	0.0	0.0
24530	0.0	1.0	0.0	0.0	0.0	0.0	0.0
1128201	0.0	1.0	0.0	0.0	0.0	0.0	0.0
168332	0.0	1.0	0.0	0.0	0.0	0.0	0.0
1104495	0.0	1.0	0.0	0.0	0.0	0.0	0.0
1106966	0.0	1.0	0.0	0.0	0.0	0.0	0.0
1154173	4.9297624E-9	0.99835384	2.4754138E-6	4.9297624E-9	0.0016437144	4.9297624E-9	4.9297624E-9
408885	4.9297624E-9	0.99835384	2.4754138E-6	4.9297624E-9	0.0016437144	4.9297624E-9	4.9297624E-9
350373	0.0	1.0	0.0	0.0	0.0	0.0	0.0
1123576	0.0	1.0	0.0	0.0	0.0	0.0	0.0
1071981	0.0	1.0	0.0	0.0	0.0	0.0	0.0
395075	0.0	1.0	0.0	0.0	0.0	0.0	0.0
18785	0.0	1.0	0.0	0.0	0.0	0.0	0.0
1125402	0.0	1.0	0.0	0.0	0.0	0.0	0.0
1115886	0.0	1.0	0.0	0.0	0.0	0.0	0.0
105865	0.0	1.0	0.0	0.0	0.0	0.0	0.0
193918	0.0	1.0	0.0	0.0	0.0	0.0	0.0
1128977	0.0	1.0	0.0	0.0	0.0	0.0	0.0
217139	0.0	1.0	0.0	0.0	0.0	0.0	0.0
1127810	0.0	1.0	0.0	0.0	0.0	0.0	0.0
1031453	0.0	1.0	0.0	0.0	0.0	0.0	0.0
1152194	0.0	1.0	0.0	0.0	0.0	0.0	0.0
43165	0.0	1.0	0.0	0.0	0.0	0.0	0.0
1131195	0.0	1.0	0.0	0.0	0.0	0.0	0.0
594119	0.0	1.0	0.0	0.0	0.0	0.0	0.0
1129021	0.0	1.0	0.0	0.0	0.0	0.0	0.0
51052	0.0	1.0	0.0	0.0	0.0	0.0	0.0
521252	0.0	1.0	0.0	0.0	0.0	0.0	0.0
1111614	0.0	1.0	0.0	0.0	0.0	0.0	0.0
83746	0.0	1.0	0.0	0.0	0.0	0.0	0.0
1125895	0.0	1.0	0.0	0.0	0.0	0.0	0.0
1102364	0.0	1.0	0.0	0.0	0.0	0.0	0.0
1106854	0.0	1.0	0.0	0.0	0.0	0.0	0.0
286513	0.0	1.0	0.0	0.0	0.0	0.0	0.0
1116328	0.0	1.0	0.0	0.0	0.0	0.0	0.0
1139195	0.0	1.0	0.0	0.0	0.0	0.0	0.0
399173	0.0	1.0	0.0	0.0	0.0	0.0	0.0
1153816	0.0	1.0	0.0	0.0	0.0	0.0	0.0
1133047	0.0	1.0	0.0	0.0	0.0	0.0	0.0
112813	0.0	1.0	0.0	0.0	0.0	0.0	0.0
601462	0.0	1.0	0.0	0.0	0.0	0.0	0.0
1129368	0.0	1.0	0.0	0.0	0.0	0.0	0.0
1129369	0.0	1.0	0.0	0.0	0.0	0.0	0.0
27543	0.0	1.0	0.0	0.0	0.0	0.0	0.0
1103499	0.0	1.0	0.0	0.0	0.0	0.0	0.0
1131198	0.0	1.0	0.0	0.0	0.0	0.0	0.0
1152569	0.0	1.0	0.0	0.0	0.0	0.0	0.0
633030	3.758336E-6	0.99924976	6.193478E-4	3.758336E-6	1.1587586E-4	3.758336E-6	3.758336E-6
633031	3.758336E-6	0.99924976	6.193478E-4	3.758336E-6	1.1587586E-4	3.758336E-6	3.758336E-6
662279	0.0	1.0	0.0	0.0	0.0	0.0	0.0
1063773	0.0	1.0	0.0	0.0	0.0	0.0	0.0
735311	0.0	1.0	0.0	0.0	0.0	0.0	0.0
594511	0.0	1.0	0.0	0.0	0.0	0.0	0.0
1152821	0.0	1.0	0.0	0.0	0.0	0.0	0.0
1154074	0.0	1.0	0.0	0.0	0.0	0.0	0.0
6217	0.0	1.0	0.0	0.0	0.0	0.0	0.0
1105622	0.0	1.0	0.0	0.0	0.0	0.0	0.0
430574	0.0	1.0	0.0	0.0	0.0	0.0	0.0
1114336	0.0	1.0	0.0	0.0	0.0	0.0	0.0
446610	0.0	1.0	0.0	0.0	0.0	0.0	0.0
1107674	0.0	1.0	0.0	0.0	0.0	0.0	0.0
662250	0.0	1.0	0.0	0.0	0.0	0.0	0.0
1132073	0.0	1.0	0.0	0.0	0.0	0.0	0.0
561582	0.0	1.0	0.0	0.0	0.0	0.0	0.0
1131550	0.0	1.0	0.0	0.0	0.0	0.0	0.0
703953	0.0	1.0	0.0	0.0	0.0	0.0	0.0
237376	0.0	1.0	0.0	0.0	0.0	0.0	0.0
1136442	0.0	1.0	0.0	0.0	0.0	0.0	0.0
1152959	0.0	1.0	0.0	0.0	0.0	0.0	0.0
102061	0.0	1.0	0.0	0.0	0.0	0.0	0.0
218666	0.0	1.0	0.0	0.0	0.0	0.0	0.0
1130653	0.0	1.0	0.0	0.0	0.0	0.0	0.0
28359	0.0	1.0	0.0	0.0	0.0	0.0	0.0
1123215	0.0	1.0	0.0	0.0	0.0	0.0	0.0
149139	0.0	1.0	0.0	0.0	0.0	0.0	0.0
18833	0.0	1.0	0.0	0.0	0.0	0.0	0.0
1113551	0.0	1.0	0.0	0.0	0.0	0.0	0.0
139738	0.0	1.0	0.0	0.0	0.0	0.0	0.0
114966	0.0	1.0	0.0	0.0	0.0	0.0	0.0
1125258	0.0	1.0	0.0	0.0	0.0	0.0	0.0
1154012	0.0	1.0	0.0	0.0	0.0	0.0	0.0
288107	0.0	1.0	0.0	0.0	0.0	0.0	0.0
466170	0.0	1.0	0.0	0.0	0.0	0.0	0.0
239810	0.0	1.0	0.0	0.0	0.0	0.0	0.0
1119742	0.0	1.0	0.0	0.0	0.0	0.0	0.0
111676	0.0	1.0	0.0	0.0	0.0	0.0	0.0
202522	0.0	1.0	0.0	0.0	0.0	0.0	0.0
1136110	0.0	1.0	0.0	0.0	0.0	0.0	0.0
647315	0.0	1.0	0.0	0.0	0.0	0.0	0.0
1104787	0.0	1.0	0.0	0.0	0.0	0.0	0.0
202520	0.0	1.0	0.0	0.0	0.0	0.0	0.0
1126011	0.0	1.0	0.0	0.0	0.0	0.0	0.0
1135955	0.0	1.0	2.8389352E-10	0.0	3.439941E-8	0.0	0.0
752684	0.0	1.0	2.8389352E-10	0.0	3.439941E-8	0.0	0.0
156794	0.0	1.0	0.0	0.0	0.0	0.0	0.0
1132157	0.0	1.0	0.0	0.0	0.0	0.0	0.0
653628	0.0	1.0	1.902252E-10	0.0	4.2067644E-10	0.0	0.0
1133930	0.0	1.0	1.902252E-10	0.0	4.2067644E-10	0.0	0.0
1131230	0.0	1.0	0.0	0.0	0.0	0.0	0.0
1130847	0.0	1.0	0.0	0.0	0.0	0.0	0.0
1109185	0.0	1.0	0.0	0.0	0.0	0.0	0.0
1152436	0.0	1.0	0.0	0.0	0.0	0.0	0.0
1131258	0.0	0.0	0.0	0.0	1.0	0.0	0.0
1123493	0.0	1.0	0.0	0.0	0.0	0.0	0.0
458439	0.0	1.0	0.0	0.0	0.0	0.0	0.0
1131828	0.0	1.0	0.0	0.0	0.0	0.0	0.0
1131184	0.0	1.0	0.0	0.0	0.0	0.0	0.0
1137466	0.0	1.0	0.0	0.0	0.0	0.0	0.0
292277	0.0	1.0	0.0	0.0	0.0	0.0	0.0
1152910	0.0	1.0	0.0	0.0	0.0	0.0	0.0
1140231	0.0	0.0	1.0	0.0	0.0	0.0	0.0
686030	0.0	1.0	0.0	0.0	0.0	0.0	0.0
1119004	0.0	1.0	0.0	0.0	0.0	0.0	0.0
1153254	0.0	1.0	0.0	0.0	0.0	0.0	0.0
134320	0.0	1.0	0.0	0.0	0.0	0.0	0.0
1130657	0.0	1.0	0.0	0.0	0.0	0.0	0.0
199571	0.0	1.0	0.0	0.0	0.0	0.0	0.0
1131754	0.0	1.0	0.0	0.0	0.0	0.0	0.0
654519	0.0	1.0	0.0	0.0	0.0	0.0	0.0
1135115	0.0	1.0	0.0	0.0	0.0	0.0	0.0
734406	0.0	1.0	0.0	0.0	0.0	0.0	0.0
93318	0.0	1.0	0.0	0.0	0.0	0.0	0.0
1126050	0.0	1.0	0.0	0.0	0.0	0.0	0.0
1112650	0.0	1.0	0.0	0.0	0.0	0.0	0.0
1132809	0.0	1.0	0.0	0.0	0.0	0.0	0.0
131122	0.0	1.0	0.0	0.0	0.0	0.0	0.0
28674	0.0	1.0	0.0	0.0	0.0	0.0	0.0
57932	0.0	1.0	0.0	0.0	0.0	0.0	0.0
284414	0.0	1.0	0.0	0.0	0.0	0.0	0.0
421481	0.0	1.0	1.5480309E-10	0.0	2.4123736E-8	0.0	0.0
1125906	0.0	1.0	0.0	0.0	0.0	0.0	0.0
1132864	0.0	1.0	0.0	0.0	0.0	0.0	0.0
1154071	0.0	0.0	0.0	0.0	1.0	0.0	0.0
47839	0.0	1.0	0.0	0.0	0.0	0.0	0.0
1124837	0.0	1.0	0.0	0.0	0.0	0.0	0.0
1131557	0.0	1.0	0.0	0.0	0.0	0.0	0.0
45061	0.0	1.0	0.0	0.0	0.0	0.0	0.0
1152179	0.0	1.0	0.0	0.0	0.0	0.0	0.0
1125467	0.0	1.0	0.0	0.0	0.0	0.0	0.0
362926	0.0	1.0	0.0	0.0	0.0	0.0	0.0
990075	0.0	1.0	0.0	0.0	0.0	0.0	0.0
118435	0.0	1.0	0.0	0.0	0.0	0.0	0.0
1115166	0.0	1.0	0.0	0.0	0.0	0.0	0.0
1125082	0.0	1.0	0.0	0.0	0.0	0.0	0.0
1102850	0.0	1.0	0.0	0.0	0.0	0.0	0.0
1138970	0.0	1.0	0.0	0.0	0.0	0.0	0.0
177115	0.0	1.0	0.0	0.0	0.0	0.0	0.0
191404	0.0	1.0	0.0	0.0	0.0	0.0	0.0
71336	0.0	1.0	0.0	0.0	0.0	0.0	0.0
1139009	0.0	1.0	2.3145118E-8	0.0	4.5925034E-8	0.0	0.0
824245	0.0	1.0	2.3145118E-8	0.0	4.5925034E-8	0.0	0.0
1116842	0.0	1.0	0.0	0.0	0.0	0.0	0.0
58453	0.0	1.0	0.0	0.0	0.0	0.0	0.0
1110628	0.0	0.99999994	2.1855398E-10	0.0	6.416563E-8	0.0	0.0
180301	0.0	0.99999994	2.1855398E-10	0.0	6.416563E-8	0.0	0.0
1116181	0.0	1.0	0.0	0.0	0.0	0.0	0.0
1105360	0.0	1.0	0.0	0.0	0.0	0.0	0.0
211906	0.0	1.0	0.0	0.0	0.0	0.0	0.0
248431	0.0	1.0	0.0	0.0	0.0	0.0	0.0